id,sales
3000888,3.3157332
3000889,0.0014014617
3000890,2.4551578
3000891,1636.6632
3000892,0.12951373
3000893,343.473
3000894,10.725624
3000895,642.53296
3000896,642.30664
3000897,123.87854
3000898,140.3621
3000899,133.23515
3000900,2254.437
3000901,21.925537
3000902,1.599952
3000903,15.939799
3000904,13.682856
3000905,0.3574996
3000906,107.65359
3000907,10.089047
3000908,9.191286
3000909,6.4989657
3000910,102.30374
3000911,3.3892415
3000912,315.38232
3000913,131.65529
3000914,3.7198236
3000915,5.6361547
3000916,293.55157
3000917,82.63068
3000918,1546.7368
3000919,0.18534707
3000920,26.03875
3000921,3.11326
3000922,0.29670185
3000923,1.3606805
3000924,919.4946
3000925,0.0
3000926,113.64129
3000927,2.794522
3000928,778.40485
3000929,261.3435
3000930,253.23982
3000931,50.135548
3000932,45.80638
3000933,2476.1157
3000934,3.6796873
3000935,0.6915739
3000936,7.890365
3000937,5.72044
3000938,0.1849294
3000939,127.15176
3000940,3.4926987
3000941,0.016534094
3000942,3.1511617
3000943,12.374778
3000944,0.26303384
3000945,184.6565
3000946,180.49197
3000947,0.34432194
3000948,2.4617295
3000949,180.08345
3000950,21.333796
3000951,158.01791
3000952,0.5086296
3000953,2.8108683
3000954,6.7359896
3000955,0.20382653
3000956,4.858247
3000957,3735.1296
3000958,0.0
3000959,608.79254
3000960,10.757861
3000961,1957.0211
3000962,534.08685
3000963,439.2338
3000964,163.2659
3000965,106.957214
3000966,6657.8926
3000967,17.836668
3000968,0.7226386
3000969,25.161503
3000970,14.786663
3000971,0.41086745
3000972,349.65802
3000973,8.398841
3000974,1.6148237
3000975,10.995321
3000976,45.427197
3000977,1.5627958
3000978,620.03357
3000979,396.4933
3000980,1.0503616
3000981,8.226366
3000982,524.30835
3000983,56.49301
3000984,834.7527
3000985,4.002956
3000986,8.339113
3000987,4.80795
3000988,0.1126065
3000989,0.95576435
3000990,1332.732
3000991,0.0029356666
3000992,182.63297
3000993,6.4878316
3000994,773.63354
3000995,348.56906
3000996,200.31091
3000997,77.92128
3000998,49.5322
3000999,2525.6643
3001000,6.341588
3001001,0.9830362
3001002,10.9528055
3001003,8.780232
3001004,0.23081715
3001005,119.94582
3001006,1.3458679
3001007,0.011674572
3001008,6.327533
3001009,39.1987
3001010,0.78497815
3001011,146.68771
3001012,158.04858
3001013,0.5423876
3001014,3.1042309
3001015,187.27335
3001016,34.160255
3001017,215.6319
3001018,0.5424888
3001019,2.672017
3001020,5.6444383
3001021,0.0
3001022,1.2656207
3001023,1328.0833
3001024,0.00018393248
3001025,161.44408
3001026,4.406914
3001027,784.9727
3001028,280.55188
3001029,161.79327
3001030,54.249073
3001031,34.737076
3001032,2762.1824
3001033,7.3609834
3001034,0.55098903
3001035,11.298971
3001036,8.633341
3001037,0.15485762
3001038,113.497345
3001039,2.9221263
3001040,0.014108131
3001041,2.8862765
3001042,33.265247
3001043,0.49069074
3001044,153.77223
3001045,183.49713
3001046,0.2530788
3001047,2.523289
3001048,122.88249
3001049,28.247858
3001050,125.671005
3001051,0.4164459
3001052,1.8959441
3001053,3.6538222
3001054,0.0074839713
3001055,1.1453885
3001056,989.94196
3001057,0.0
3001058,189.80663
3001059,4.915789
3001060,1094.1884
3001061,367.23962
3001062,227.039
3001063,37.760323
3001064,64.31267
3001065,2657.138
3001066,6.06909
3001067,0.34656215
3001068,13.156251
3001069,13.16176
3001070,0.19007114
3001071,164.54945
3001072,1.0082555
3001073,0.0016498119
3001074,4.5936556
3001075,25.408184
3001076,0.8447846
3001077,292.72928
3001078,277.58926
3001079,0.47058728
3001080,3.1621802
3001081,97.12138
3001082,62.153534
3001083,241.7671
3001084,0.3328487
3001085,3.982449
3001086,2.6761904
3001087,1.0034608
3001088,1.8823974
3001089,1277.6476
3001090,0.0027313493
3001091,152.34906
3001092,3.268326
3001093,878.5628
3001094,314.81183
3001095,277.49292
3001096,81.24218
3001097,67.52316
3001098,2755.5593
3001099,9.645405
3001100,0.9210465
3001101,32.12389
3001102,11.056666
3001103,0.110715345
3001104,156.48105
3001105,5.989194
3001106,0.011019935
3001107,4.8903604
3001108,24.683306
3001109,0.7764558
3001110,126.628815
3001111,183.93935
3001112,0.41857988
3001113,2.8216696
3001114,130.84895
3001115,31.493101
3001116,415.2456
3001117,0.4316128
3001118,5.1584554
3001119,5.810319
3001120,0.09794238
3001121,0.8636667
3001122,1127.4731
3001123,0.0
3001124,203.05423
3001125,3.8104684
3001126,1013.7543
3001127,255.55775
3001128,217.04733
3001129,183.56993
3001130,43.203087
3001131,2580.0125
3001132,5.772578
3001133,0.59742594
3001134,13.378597
3001135,8.232579
3001136,0.12242543
3001137,143.37872
3001138,0.0005863812
3001139,0.016146109
3001140,3.8249562
3001141,35.85959
3001142,0.6018792
3001143,75.61014
3001144,197.7038
3001145,0.27330455
3001146,2.0852485
3001147,95.444626
3001148,41.950943
3001149,394.39215
3001150,1.5121427
3001151,2.619376
3001152,6.251497
3001153,0.15783519
3001154,1.8610532
3001155,2484.3225
3001156,0.0
3001157,255.43088
3001158,4.9414406
3001159,1078.7974
3001160,568.63306
3001161,434.70947
3001162,187.17297
3001163,99.539955
3001164,3900.792
3001165,8.262105
3001166,0.73465425
3001167,18.06305
3001168,16.542574
3001169,0.18180434
3001170,201.12349
3001171,2.0446763
3001172,0.13160829
3001173,5.5301046
3001174,39.641174
3001175,1.30662
3001176,255.59485
3001177,233.20578
3001178,1.0498552
3001179,5.4957404
3001180,308.60767
3001181,66.69183
3001182,791.49207
3001183,0.5136635
3001184,11.210246
3001185,3.7776778
3001186,0.105033904
3001187,2.0081828
3001188,1696.9064
3001189,0.0
3001190,655.43384
3001191,4.997472
3001192,602.8234
3001193,487.40628
3001194,208.20155
3001195,164.33488
3001196,58.057175
3001197,2486.6226
3001198,16.945787
3001199,0.9732317
3001200,15.178066
3001201,8.825501
3001202,0.16609186
3001203,115.989624
3001204,6.649748
3001205,1.447426
3001206,4.1762047
3001207,58.17191
3001208,1.2218239
3001209,97.46981
3001210,152.45084
3001211,1.9451941
3001212,4.5461173
3001213,200.51686
3001214,50.566975
3001215,922.36
3001216,1.6067687
3001217,8.955185
3001218,6.7351475
3001219,0.12555379
3001220,1.6320857
3001221,2020.1196
3001222,0.0013832413
3001223,179.88818
3001224,5.603756
3001225,941.4182
3001226,303.71777
3001227,282.4142
3001228,67.02195
3001229,62.951553
3001230,3083.9834
3001231,9.970583
3001232,1.3057034
3001233,15.197691
3001234,8.996767
3001235,0.17290957
3001236,133.2471
3001237,5.5504174
3001238,0.018463187
3001239,4.6026583
3001240,34.046574
3001241,1.0768903
3001242,142.7256
3001243,191.76823
3001244,0.59477425
3001245,3.1345115
3001246,127.57038
3001247,33.96354
3001248,281.0209
3001249,0.5220555
3001250,4.22657
3001251,5.5281615
3001252,0.054440398
3001253,4.723174
3001254,2550.649
3001255,0.15145932
3001256,562.25525
3001257,8.44041
3001258,973.25336
3001259,881.33594
3001260,248.83434
3001261,187.9613
3001262,164.77979
3001263,3993.7122
3001264,31.827522
3001265,1.1926061
3001266,18.994791
3001267,15.20887
3001268,0.5052585
3001269,188.64014
3001270,18.582281
3001271,8.272253
3001272,8.81784
3001273,88.19518
3001274,4.01333
3001275,506.99832
3001276,268.56024
3001277,5.734196
3001278,6.0877953
3001279,504.34628
3001280,126.96021
3001281,1750.902
3001282,0.48901623
3001283,32.673744
3001284,4.7633333
3001285,0.3308387
3001286,2.9962552
3001287,1712.3179
3001288,0.0010926388
3001289,271.925
3001290,4.2486286
3001291,741.228
3001292,431.51593
3001293,343.26956
3001294,70.648766
3001295,63.477425
3001296,2977.3008
3001297,7.426406
3001298,0.44843152
3001299,15.808239
3001300,8.93439
3001301,0.10460889
3001302,171.50671
3001303,4.4581375
3001304,3.2173753
3001305,1.9831707
3001306,24.318766
3001307,0.6708147
3001308,167.85576
3001309,221.71474
3001310,1.5507352
3001311,2.8895261
3001312,213.46135
3001313,46.69135
3001314,525.8032
3001315,2.7213097
3001316,7.223807
3001317,4.9186063
3001318,0.30523014
3001319,2.2771764
3001320,1214.2477
3001321,0.00026185066
3001322,231.04584
3001323,3.6157465
3001324,601.24347
3001325,261.80646
3001326,152.31389
3001327,101.89492
3001328,46.28307
3001329,1983.0162
3001330,6.407185
3001331,0.44332743
3001332,16.381308
3001333,14.216698
3001334,0.15043099
3001335,151.91681
3001336,2.5283618
3001337,1.1611587
3001338,4.347491
3001339,31.824888
3001340,0.9886274
3001341,52.71362
3001342,152.31604
3001343,0.8873143
3001344,3.7499635
3001345,81.34191
3001346,48.151817
3001347,596.88544
3001348,2.23733
3001349,2.7457616
3001350,2.3058286
3001351,0.12525706
3001352,0.6448351
3001353,528.3785
3001354,1.5999656e-05
3001355,56.313133
3001356,3.8064837
3001357,258.55533
3001358,125.80639
3001359,68.17071
3001360,21.981892
3001361,30.347853
3001362,968.52423
3001363,2.4045599
3001364,0.4411933
3001365,16.88168
3001366,7.9651556
3001367,0.14417413
3001368,66.05817
3001369,0.21979961
3001370,0.007668873
3001371,3.0409472
3001372,13.564613
3001373,1.1844407
3001374,43.51216
3001375,66.371056
3001376,0.39964232
3001377,2.3363001
3001378,51.31528
3001379,19.152521
3001380,166.66556
3001381,0.23044845
3001382,0.9075775
3001383,2.3153052
3001384,0.002040781
3001385,1.5762736
3001386,1209.7251
3001387,0.05503844
3001388,274.28745
3001389,9.361509
3001390,571.85406
3001391,476.78705
3001392,133.34676
3001393,54.70117
3001394,102.48533
3001395,1994.3307
3001396,24.568731
3001397,0.13499905
3001398,7.1651306
3001399,9.395609
3001400,0.20888205
3001401,92.51437
3001402,7.197031
3001403,0.95940393
3001404,4.4307804
3001405,55.206924
3001406,2.2524116
3001407,629.14923
3001408,141.38306
3001409,1.8526644
3001410,2.6293094
3001411,306.40994
3001412,49.919586
3001413,842.6533
3001414,0.18575427
3001415,15.442822
3001416,3.2758799
3001417,0.04445931
3001418,5.0230846
3001419,2885.0256
3001420,0.1420656
3001421,701.50433
3001422,11.393267
3001423,1103.9003
3001424,1099.0887
3001425,252.83586
3001426,202.38365
3001427,214.16917
3001428,3781.171
3001429,26.085752
3001430,1.1707879
3001431,16.312698
3001432,30.471489
3001433,0.3769311
3001434,183.07208
3001435,8.983747
3001436,13.74793
3001437,9.116347
3001438,100.64638
3001439,6.909463
3001440,385.1896
3001441,264.48267
3001442,9.499148
3001443,7.709
3001444,500.2442
3001445,128.36688
3001446,2412.948
3001447,0.58666724
3001448,35.08785
3001449,2.112525
3001450,0.018658927
3001451,2.369171
3001452,1766.0531
3001453,0.079914294
3001454,285.75748
3001455,4.691975
3001456,459.02374
3001457,474.46542
3001458,124.40753
3001459,104.86836
3001460,173.56876
3001461,1683.8015
3001462,11.520583
3001463,0.88624716
3001464,19.460217
3001465,12.056307
3001466,0.14577354
3001467,70.04893
3001468,0.0
3001469,10.376692
3001470,7.750253
3001471,173.08006
3001472,3.4701567
3001473,197.24414
3001474,106.136566
3001475,2.2007627
3001476,3.438673
3001477,158.58672
3001478,50.59047
3001479,921.0333
3001480,0.3553979
3001481,5.334835
3001482,3.537055
3001483,0.06296869
3001484,0.9223035
3001485,817.0727
3001486,0.008457056
3001487,223.36235
3001488,4.7095137
3001489,433.57712
3001490,242.92815
3001491,90.01259
3001492,40.74315
3001493,80.860435
3001494,1607.1626
3001495,4.2193336
3001496,0.80633533
3001497,8.116243
3001498,5.6226954
3001499,0.21781673
3001500,59.45299
3001501,1.2011416
3001502,1.6827542
3001503,3.5395586
3001504,33.65029
3001505,0.23922442
3001506,279.79172
3001507,159.18143
3001508,0.94674575
3001509,1.2522391
3001510,161.7929
3001511,17.587782
3001512,353.93365
3001513,0.5989895
3001514,3.412754
3001515,4.9676313
3001516,0.05429837
3001517,3.6392922
3001518,2489.0264
3001519,0.06283577
3001520,612.16156
3001521,10.53248
3001522,802.84064
3001523,819.9139
3001524,253.91156
3001525,212.02963
3001526,167.15187
3001527,3253.111
3001528,21.657562
3001529,1.7882262
3001530,12.630639
3001531,15.22204
3001532,0.3311006
3001533,143.4111
3001534,4.7401323
3001535,13.843838
3001536,5.7742734
3001537,159.9577
3001538,2.3482392
3001539,272.60983
3001540,207.61674
3001541,5.5633183
3001542,5.8634186
3001543,389.7624
3001544,90.67015
3001545,1744.7379
3001546,0.6576234
3001547,23.916315
3001548,7.2122335
3001549,0.027367894
3001550,1.986265
3001551,2336.1287
3001552,0.002803333
3001553,573.7628
3001554,7.9307237
3001555,1042.8223
3001556,667.1598
3001557,347.03076
3001558,242.94777
3001559,98.13824
3001560,3768.767
3001561,7.2347693
3001562,1.278319
3001563,23.535086
3001564,11.459087
3001565,0.54389423
3001566,179.95969
3001567,0.003134694
3001568,1.8893466
3001569,7.518496
3001570,117.55747
3001571,0.6937132
3001572,201.0565
3001573,307.03033
3001574,2.6880817
3001575,3.3458493
3001576,235.92778
3001577,65.54452
3001578,1004.09454
3001579,3.925832
3001580,6.418522
3001581,3.4970446
3001582,0.23266096
3001583,1.6457963
3001584,1367.0536
3001585,0.0
3001586,323.71014
3001587,5.1920853
3001588,522.7706
3001589,376.02274
3001590,154.94295
3001591,105.63798
3001592,54.681576
3001593,1937.4327
3001594,5.7362547
3001595,0.6095577
3001596,13.40963
3001597,9.853477
3001598,0.15454058
3001599,123.215576
3001600,0.0
3001601,1.057968
3001602,2.6478994
3001603,66.25191
3001604,0.7247664
3001605,70.71793
3001606,149.88573
3001607,2.279244
3001608,2.7833216
3001609,110.22754
3001610,38.12107
3001611,630.7047
3001612,2.1802227
3001613,3.7670283
3001614,9.4513445
3001615,0.41753933
3001616,9.768731
3001617,6956.621
3001618,0.3368453
3001619,1170.589
3001620,30.550854
3001621,2081.954
3001622,2101.3745
3001623,398.20844
3001624,524.4572
3001625,459.65585
3001626,7836.4263
3001627,77.52464
3001628,3.0374506
3001629,46.777355
3001630,37.271263
3001631,1.9431034
3001632,344.68115
3001633,32.823734
3001634,24.94489
3001635,26.769022
3001636,224.1108
3001637,12.692029
3001638,819.8912
3001639,511.4163
3001640,12.404688
3001641,18.781557
3001642,1177.8987
3001643,370.0946
3001644,5419.3394
3001645,0.7916602
3001646,106.47593
3001647,3.15533
3001648,0.066858664
3001649,0.61870456
3001650,965.52325
3001651,0.0
3001652,154.88025
3001653,2.5577939
3001654,484.0053
3001655,230.76157
3001656,106.951546
3001657,124.124725
3001658,61.22199
3001659,1576.6528
3001660,3.4793055
3001661,0.9378033
3001662,9.831036
3001663,4.9556704
3001664,0.29883358
3001665,80.26195
3001666,0.4222047
3001667,0.0
3001668,4.0845323
3001669,54.60806
3001670,0.36373645
3001671,57.899628
3001672,105.30948
3001673,0.87942463
3001674,2.5631778
3001675,101.09857
3001676,23.09993
3001677,329.73782
3001678,0.84916085
3001679,3.4164348
3001680,7.714973
3001681,0.57645494
3001682,2.6526444
3001683,1867.822
3001684,0.0006923629
3001685,472.41937
3001686,5.602241
3001687,1270.2504
3001688,611.7858
3001689,252.45575
3001690,246.33255
3001691,112.075035
3001692,4000.3577
3001693,9.522272
3001694,0.7383992
3001695,15.009997
3001696,13.340259
3001697,0.38764668
3001698,198.53572
3001699,1.5505778
3001700,1.1582621
3001701,12.494595
3001702,30.945007
3001703,0.66767895
3001704,310.75925
3001705,298.80087
3001706,1.5566775
3001707,4.9607854
3001708,143.2181
3001709,74.2598
3001710,857.3203
3001711,2.7398338
3001712,5.088459
3001713,1.8276843
3001714,0.046462942
3001715,0.24198183
3001716,622.05725
3001717,0.00037180912
3001718,100.13406
3001719,2.3649054
3001720,449.01434
3001721,149.33531
3001722,98.190704
3001723,140.40286
3001724,29.499516
3001725,1473.4014
3001726,1.7197236
3001727,0.4760373
3001728,7.57208
3001729,2.5096958
3001730,0.16899885
3001731,64.73274
3001732,0.00018167682
3001733,0.00514205
3001734,2.227012
3001735,72.36418
3001736,0.10492786
3001737,58.725
3001738,98.555756
3001739,0.13195199
3001740,0.85858303
3001741,63.478653
3001742,11.271274
3001743,124.56587
3001744,0.87844497
3001745,1.2084727
3001746,7.900586
3001747,0.15342405
3001748,1.0994244
3001749,1406.8513
3001750,0.0
3001751,278.71606
3001752,5.3384156
3001753,1072.6113
3001754,401.24185
3001755,201.7655
3001756,175.27705
3001757,78.229645
3001758,3101.7546
3001759,2.992809
3001760,0.6999071
3001761,31.474365
3001762,12.330181
3001763,0.1776447
3001764,154.48666
3001765,0.0031785145
3001766,0.032283727
3001767,12.78761
3001768,65.969315
3001769,0.95968807
3001770,255.42719
3001771,241.34677
3001772,0.69842404
3001773,3.2598298
3001774,218.69484
3001775,37.34594
3001776,849.9013
3001777,1.1213793
3001778,1.5720689
3001779,3.4179938
3001780,0.19342884
3001781,2.8275247
3001782,2317.764
3001783,0.0
3001784,683.90936
3001785,7.4332237
3001786,919.98627
3001787,594.8432
3001788,252.6943
3001789,119.18483
3001790,133.2387
3001791,3842.6177
3001792,5.5434046
3001793,1.8334404
3001794,25.878275
3001795,23.772114
3001796,0.6748418
3001797,161.83734
3001798,3.6924255
3001799,2.140789
3001800,9.90216
3001801,52.677166
3001802,1.12324
3001803,183.85677
3001804,320.0671
3001805,1.6642888
3001806,3.9708645
3001807,141.86665
3001808,34.688236
3001809,498.66595
3001810,5.003346
3001811,3.1009505
3001812,4.432344
3001813,0.05717747
3001814,0.27115953
3001815,1149.4869
3001816,0.0
3001817,92.47213
3001818,1.663813
3001819,479.04938
3001820,164.29332
3001821,82.98547
3001822,177.05775
3001823,54.54162
3001824,1788.1584
3001825,2.8835483
3001826,0.6220779
3001827,7.6529403
3001828,6.271582
3001829,0.20142172
3001830,69.38728
3001831,0.0040115938
3001832,0.056342926
3001833,1.4683706
3001834,43.63987
3001835,0.29107884
3001836,165.21007
3001837,87.79627
3001838,0.27451906
3001839,0.7386332
3001840,58.2798
3001841,17.523893
3001842,230.88351
3001843,0.8129884
3001844,0.48901343
3001845,3.893742
3001846,0.04115249
3001847,1.4460397
3001848,2079.957
3001849,0.0020360686
3001850,489.1525
3001851,5.067305
3001852,873.10864
3001853,527.73486
3001854,210.79468
3001855,117.06004
3001856,104.12995
3001857,3417.0652
3001858,6.222342
3001859,0.515821
3001860,21.772976
3001861,11.478841
3001862,0.20001426
3001863,149.70798
3001864,0.06040833
3001865,8.439921
3001866,3.1841664
3001867,126.86737
3001868,0.6160391
3001869,202.95442
3001870,237.54797
3001871,1.1643547
3001872,3.2571616
3001873,121.26744
3001874,52.65015
3001875,927.101
3001876,5.0782194
3001877,0.98699087
3001878,4.0276833
3001879,0.022482317
3001880,4.312963
3001881,2169.198
3001882,0.15643379
3001883,556.49426
3001884,8.137845
3001885,1052.0631
3001886,911.8372
3001887,148.44214
3001888,154.80424
3001889,195.46033
3001890,3680.0042
3001891,46.51538
3001892,1.9208655
3001893,22.469967
3001894,16.278038
3001895,0.33781612
3001896,167.14622
3001897,17.131306
3001898,13.064094
3001899,5.868105
3001900,109.78879
3001901,5.0071325
3001902,249.74855
3001903,257.05792
3001904,6.714036
3001905,6.674561
3001906,254.12236
3001907,131.55855
3001908,1951.5428
3001909,0.31354198
3001910,20.109854
3001911,6.635404
3001912,0.013162352
3001913,5.1749797
3001914,1887.8221
3001915,0.100197
3001916,540.5865
3001917,9.904702
3001918,1076.5837
3001919,839.48694
3001920,169.80547
3001921,119.975464
3001922,212.85507
3001923,3816.25
3001924,26.824966
3001925,1.7370423
3001926,24.203306
3001927,18.562342
3001928,0.14753433
3001929,216.13382
3001930,18.397793
3001931,8.818011
3001932,13.141213
3001933,79.34082
3001934,5.230847
3001935,186.05682
3001936,364.31024
3001937,4.0839777
3001938,6.313056
3001939,162.61525
3001940,120.610794
3001941,1516.9435
3001942,0.32695365
3001943,19.6859
3001944,8.964175
3001945,0.27686575
3001946,3.9308481
3001947,2359.2573
3001948,0.0
3001949,718.2859
3001950,7.162247
3001951,1299.6261
3001952,536.8139
3001953,189.81339
3001954,403.14893
3001955,93.702515
3001956,4311.637
3001957,28.927614
3001958,1.8354651
3001959,24.007761
3001960,14.352842
3001961,0.4308369
3001962,214.35526
3001963,4.8617196
3001964,8.043658
3001965,6.767082
3001966,65.74405
3001967,2.0051932
3001968,240.88165
3001969,311.0745
3001970,2.8186486
3001971,5.7500224
3001972,213.57397
3001973,77.78303
3001974,1129.443
3001975,1.9280261
3001976,10.952237
3001977,4.0227466
3001978,0.0100100525
3001979,4.1486955
3001980,2250.7805
3001981,0.1644782
3001982,411.9083
3001983,6.749225
3001984,889.10345
3001985,813.5799
3001986,218.07114
3001987,172.63536
3001988,153.8385
3001989,3391.035
3001990,20.105526
3001991,1.1408185
3001992,14.7608
3001993,9.483355
3001994,0.40422714
3001995,164.10045
3001996,16.211388
3001997,9.511109
3001998,4.127178
3001999,84.2417
3002000,3.6457703
3002001,368.86774
3002002,230.4119
3002003,4.471906
3002004,5.771389
3002005,463.458
3002006,100.53591
3002007,1661.3529
3002008,0.22139546
3002009,32.9255
3002010,3.9843667
3002011,0.31589139
3002012,1.2012322
3002013,2389.6653
3002014,0.0
3002015,372.74905
3002016,5.9572673
3002017,1418.2063
3002018,489.0301
3002019,257.65894
3002020,145.73349
3002021,74.33005
3002022,4439.475
3002023,8.929105
3002024,1.0368276
3002025,22.528507
3002026,16.855722
3002027,0.22566958
3002028,222.81287
3002029,0.0009270832
3002030,0.1488745
3002031,8.35744
3002032,72.118675
3002033,0.9820057
3002034,115.90485
3002035,292.05045
3002036,1.1928372
3002037,4.376468
3002038,156.09128
3002039,50.692715
3002040,715.3049
3002041,2.1661627
3002042,3.2344859
3002043,4.912705
3002044,0.030264225
3002045,4.467563
3002046,1582.2743
3002047,0.031432077
3002048,430.48218
3002049,7.7170095
3002050,886.22565
3002051,576.06476
3002052,199.33266
3002053,119.41134
3002054,184.87683
3002055,2983.4312
3002056,23.151917
3002057,0.78612167
3002058,17.947716
3002059,20.703806
3002060,0.29740864
3002061,151.96086
3002062,8.498568
3002063,9.888252
3002064,8.435391
3002065,72.083435
3002066,5.8499064
3002067,174.58794
3002068,267.13254
3002069,4.734272
3002070,4.893513
3002071,163.23466
3002072,59.99434
3002073,1229.5635
3002074,0.58518064
3002075,7.973484
3002076,1.7668982
3002077,0.01526929
3002078,2.490365
3002079,1161.1991
3002080,0.19263297
3002081,237.25383
3002082,5.47623
3002083,379.9775
3002084,387.63882
3002085,71.69968
3002086,59.514954
3002087,73.93625
3002088,1460.3116
3002089,12.83418
3002090,0.5061819
3002091,9.522839
3002092,12.4506445
3002093,0.1174125
3002094,98.28292
3002095,8.497617
3002096,11.725971
3002097,2.0801215
3002098,35.97644
3002099,3.9375994
3002100,96.803856
3002101,106.003975
3002102,3.2259967
3002103,3.8765426
3002104,106.854004
3002105,36.671753
3002106,1179.2057
3002107,0.26417464
3002108,8.714787
3002109,6.1573477
3002110,0.05019539
3002111,1.1722226
3002112,3076.9866
3002113,0.0018586293
3002114,308.95712
3002115,5.6440773
3002116,1030.5619
3002117,368.66248
3002118,241.36081
3002119,145.64302
3002120,52.4907
3002121,3374.9949
3002122,4.2081327
3002123,1.1654507
3002124,15.59105
3002125,10.4033985
3002126,0.13508217
3002127,145.47755
3002128,0.0
3002129,0.9579981
3002130,3.3239622
3002131,88.45474
3002132,1.2034669
3002133,148.57655
3002134,225.25417
3002135,0.68885785
3002136,2.8784938
3002137,175.00269
3002138,61.096825
3002139,512.2363
3002140,1.8617035
3002141,0.7397525
3002142,18.894629
3002143,0.0
3002144,11.950017
3002145,8215.041
3002146,0.33878508
3002147,1405.3882
3002148,23.888842
3002149,2561.749
3002150,2609.779
3002151,599.51
3002152,650.18463
3002153,616.9272
3002154,9864.031
3002155,81.41752
3002156,4.176822
3002157,85.07864
3002158,64.05334
3002159,1.9461141
3002160,424.23648
3002161,21.116392
3002162,13.10767
3002163,18.855373
3002164,334.81448
3002165,11.989396
3002166,973.0789
3002167,565.0313
3002168,21.462128
3002169,28.051117
3002170,1286.7712
3002171,470.52676
3002172,6717.275
3002173,15.202067
3002174,122.93787
3002175,15.947563
3002176,0.0
3002177,10.048735
3002178,6963.3027
3002179,0.35802424
3002180,1158.2787
3002181,24.66391
3002182,2525.9963
3002183,2177.972
3002184,649.67645
3002185,412.37988
3002186,535.14716
3002187,9870.273
3002188,84.06436
3002189,1.0872066
3002190,50.404644
3002191,54.374268
3002192,1.3410666
3002193,432.12375
3002194,17.08584
3002195,18.298262
3002196,4.9358735
3002197,210.99802
3002198,9.149553
3002199,1203.9967
3002200,646.17615
3002201,14.340399
3002202,19.98109
3002203,1320.4143
3002204,328.24954
3002205,4370.491
3002206,12.632926
3002207,97.26738
3002208,15.290048
3002209,0.000841259
3002210,11.859239
3002211,4804.718
3002212,0.11996977
3002213,794.1765
3002214,15.180221
3002215,2310.5051
3002216,1471.3789
3002217,816.6173
3002218,177.3028
3002219,406.32916
3002220,8645.353
3002221,42.680668
3002222,1.4962753
3002223,28.941113
3002224,36.684658
3002225,1.3460972
3002226,450.7585
3002227,21.622908
3002228,10.825779
3002229,6.9106107
3002230,122.36119
3002231,4.734529
3002232,1162.8607
3002233,752.76556
3002234,13.822235
3002235,16.803528
3002236,1027.2571
3002237,175.28476
3002238,1998.412
3002239,10.846615
3002240,50.438393
3002241,16.09874
3002242,0.0010519549
3002243,12.355089
3002244,6622.919
3002245,0.3686106
3002246,1122.7806
3002247,18.088482
3002248,2341.2917
3002249,2041.3411
3002250,646.91516
3002251,356.52438
3002252,432.46976
3002253,9341.304
3002254,65.90732
3002255,1.8107219
3002256,42.41081
3002257,47.366566
3002258,1.8492519
3002259,443.74915
3002260,20.037033
3002261,16.461098
3002262,4.9433403
3002263,169.19891
3002264,7.673309
3002265,901.6844
3002266,715.6897
3002267,14.304577
3002268,19.171041
3002269,1185.8246
3002270,287.7918
3002271,4041.9194
3002272,8.33545
3002273,85.95793
3002274,13.855716
3002275,0.0
3002276,10.604794
3002277,3882.2346
3002278,0.03552379
3002279,714.5054
3002280,15.241604
3002281,2162.868
3002282,1242.0857
3002283,657.5096
3002284,141.61993
3002285,317.51505
3002286,7743.946
3002287,43.95747
3002288,0.8911358
3002289,34.649563
3002290,25.85455
3002291,0.8729998
3002292,413.8532
3002293,17.682966
3002294,6.2848344
3002295,4.999471
3002296,105.50083
3002297,3.1835446
3002298,981.68866
3002299,720.4181
3002300,10.158772
3002301,14.442511
3002302,908.9371
3002303,131.56636
3002304,1466.1183
3002305,13.844932
3002306,30.024275
3002307,10.621819
3002308,0.0037776083
3002309,8.012824
3002310,5699.1436
3002311,0.28787225
3002312,1063.3423
3002313,22.104803
3002314,1721.51
3002315,1967.031
3002316,375.8671
3002317,439.6711
3002318,444.82544
3002319,6796.498
3002320,65.71353
3002321,1.7220006
3002322,42.32298
3002323,27.284857
3002324,1.0294269
3002325,303.65405
3002326,11.364075
3002327,17.243338
3002328,9.09853
3002329,224.7558
3002330,8.858654
3002331,746.6586
3002332,404.24216
3002333,10.960584
3002334,21.622902
3002335,917.6709
3002336,302.34607
3002337,5050.034
3002338,6.928861
3002339,87.168655
3002340,5.515826
3002341,0.1325789
3002342,5.158883
3002343,1553.3778
3002344,0.14406404
3002345,385.30496
3002346,16.487429
3002347,986.45294
3002348,532.38837
3002349,247.30894
3002350,111.65963
3002351,164.86182
3002352,3144.1177
3002353,19.907629
3002354,1.0228223
3002355,18.95891
3002356,23.938791
3002357,0.5818353
3002358,151.0072
3002359,9.36461
3002360,2.9118965
3002361,18.059416
3002362,65.81004
3002363,4.1025734
3002364,281.82538
3002365,270.35962
3002366,2.0095315
3002367,5.106466
3002368,254.60822
3002369,88.71143
3002370,1046.4893
3002371,0.5271426
3002372,13.251606
3002373,11.710425
3002374,0.0
3002375,7.7815194
3002376,3314.6714
3002377,0.18192407
3002378,583.5202
3002379,23.4226
3002380,1606.9463
3002381,1036.336
3002382,463.17682
3002383,113.860146
3002384,270.2268
3002385,6064.4814
3002386,46.831802
3002387,1.5250263
3002388,51.636333
3002389,48.68261
3002390,0.6356049
3002391,285.10077
3002392,14.025046
3002393,5.307888
3002394,5.981586
3002395,114.46127
3002396,4.890922
3002397,602.5127
3002398,497.24304
3002399,5.9459524
3002400,15.042799
3002401,447.91867
3002402,120.67481
3002403,1528.6342
3002404,8.192252
3002405,23.495499
3002406,6.9379745
3002407,0.0014488827
3002408,4.873808
3002409,4194.893
3002410,0.16783588
3002411,870.867
3002412,10.205011
3002413,1462.0507
3002414,1502.6879
3002415,258.2664
3002416,334.47928
3002417,334.72815
3002418,4951.09
3002419,32.01007
3002420,1.3992102
3002421,22.297714
3002422,21.310225
3002423,1.125424
3002424,213.72974
3002425,2.7231925
3002426,17.667923
3002427,6.4887433
3002428,162.22237
3002429,6.175935
3002430,636.76404
3002431,289.07614
3002432,11.642518
3002433,7.6532097
3002434,879.7635
3002435,168.31055
3002436,3564.295
3002437,6.4756618
3002438,65.42747
3002439,0.8452091
3002440,0.003988385
3002441,0.5365484
3002442,304.81573
3002443,0.0031139813
3002444,53.365837
3002445,0.7322583
3002446,113.69952
3002447,78.114456
3002448,24.711018
3002449,13.760006
3002450,22.247847
3002451,418.1686
3002452,3.231021
3002453,0.21563171
3002454,3.9029942
3002455,3.5907817
3002456,0.07054808
3002457,25.313913
3002458,0.7387331
3002459,4.388365
3002460,0.5392196
3002461,13.345114
3002462,0.68657357
3002463,33.775093
3002464,25.812014
3002465,0.9357474
3002466,1.9103605
3002467,33.009937
3002468,8.939762
3002469,327.731
3002470,1.4157172
3002471,0.6878018
3002472,4.9900675
3002473,0.015281313
3002474,3.5664554
3002475,1315.948
3002476,0.047858708
3002477,329.95102
3002478,5.5326986
3002479,675.2621
3002480,362.51535
3002481,155.5784
3002482,68.35186
3002483,119.966225
3002484,2016.1094
3002485,10.917968
3002486,0.9636317
3002487,14.740274
3002488,14.2887535
3002489,0.097489126
3002490,122.93799
3002491,2.7362962
3002492,3.7423654
3002493,5.2741785
3002494,73.98011
3002495,2.1631048
3002496,178.10767
3002497,186.78242
3002498,2.2039158
3002499,3.6601474
3002500,146.17793
3002501,53.440983
3002502,1167.0406
3002503,0.8243383
3002504,4.1866636
3002505,5.7668824
3002506,0.19030656
3002507,0.60316676
3002508,1317.2521
3002509,0.0
3002510,220.8731
3002511,3.1283355
3002512,1054.7805
3002513,189.34726
3002514,188.40009
3002515,73.08919
3002516,35.393276
3002517,2675.433
3002518,8.02961
3002519,0.6990452
3002520,15.9772625
3002521,9.302007
3002522,0.18129429
3002523,141.4699
3002524,0.0
3002525,9.564683e-07
3002526,4.2958984
3002527,23.387512
3002528,0.47273487
3002529,52.504475
3002530,183.9155
3002531,0.110622376
3002532,2.0891902
3002533,54.1073
3002534,62.876976
3002535,375.2452
3002536,0.64214784
3002537,1.701165
3002538,5.4018245
3002539,0.007758518
3002540,5.766799
3002541,3117.0923
3002542,0.044822905
3002543,554.0744
3002544,9.894353
3002545,1243.9451
3002546,988.06793
3002547,346.8526
3002548,204.12048
3002549,230.2114
3002550,4702.9316
3002551,34.964394
3002552,0.9393961
3002553,18.628597
3002554,31.00359
3002555,0.39691517
3002556,214.72153
3002557,20.464512
3002558,7.8932223
3002559,7.8795257
3002560,94.2568
3002561,3.8297281
3002562,498.15558
3002563,326.1546
3002564,6.249242
3002565,8.214298
3002566,649.10486
3002567,140.66167
3002568,1831.4688
3002569,0.29308116
3002570,43.578407
3002571,4.327826
3002572,0.03026134
3002573,3.661206
3002574,3432.8713
3002575,0.12934496
3002576,656.8075
3002577,11.909097
3002578,1061.933
3002579,1261.9973
3002580,170.37596
3002581,287.07825
3002582,264.6596
3002583,3776.9915
3002584,40.258156
3002585,2.1194692
3002586,15.205949
3002587,14.829297
3002588,0.7832314
3002589,159.8581
3002590,7.657539
3002591,19.37199
3002592,8.838539
3002593,162.33359
3002594,6.9558396
3002595,523.77045
3002596,218.28885
3002597,4.055921
3002598,7.30396
3002599,630.67816
3002600,182.94814
3002601,3513.0825
3002602,0.34026152
3002603,58.083557
3002604,5.35488
3002605,0.07911491
3002606,7.3550663
3002607,3884.5515
3002608,0.19761406
3002609,767.227
3002610,15.862326
3002611,1265.887
3002612,1448.8741
3002613,280.9311
3002614,327.3871
3002615,243.79762
3002616,4773.0596
3002617,41.251575
3002618,2.422019
3002619,31.648859
3002620,27.424202
3002621,1.2019516
3002622,248.3915
3002623,26.483511
3002624,17.304295
3002625,22.015358
3002626,149.64267
3002627,8.613032
3002628,517.1802
3002629,333.61456
3002630,10.781544
3002631,11.948995
3002632,625.19684
3002633,210.6866
3002634,3256.4866
3002635,0.42993248
3002636,55.697964
3002637,14.024563
3002638,0.20704035
3002639,5.593727
3002640,2839.231
3002641,0.00010579731
3002642,563.6825
3002643,10.267019
3002644,1734.9255
3002645,774.7408
3002646,593.7035
3002647,196.97484
3002648,129.46669
3002649,6232.6743
3002650,11.296953
3002651,1.8716353
3002652,35.004948
3002653,20.644913
3002654,0.395032
3002655,307.8464
3002656,10.126193
3002657,4.4132566
3002658,8.882107
3002659,52.100945
3002660,1.7545705
3002661,377.8695
3002662,449.36328
3002663,3.5567179
3002664,7.261785
3002665,490.71216
3002666,90.23975
3002667,1024.3522
3002668,5.1583624
3002669,16.617397
3002670,3.34765
3002671,2.837507e-05
3002672,2.4558272
3002673,1638.5349
3002674,0.1330092
3002675,343.58582
3002676,10.553787
3002677,643.4725
3002678,644.45544
3002679,124.08507
3002680,140.42955
3002681,135.65414
3002682,2262.7563
3002683,21.793129
3002684,1.5868714
3002685,16.01632
3002686,13.836241
3002687,0.35677654
3002688,107.78697
3002689,9.991006
3002690,9.238645
3002691,6.480808
3002692,102.723274
3002693,3.3787065
3002694,315.15576
3002695,131.69313
3002696,3.7221234
3002697,5.666688
3002698,294.09882
3002699,82.42033
3002700,1541.5526
3002701,0.18491298
3002702,26.03133
3002703,3.1198318
3002704,0.2991917
3002705,1.3613412
3002706,922.37885
3002707,0.0027599297
3002708,113.580734
3002709,2.8035886
3002710,779.4763
3002711,262.20737
3002712,253.41411
3002713,50.1322
3002714,45.678734
3002715,2473.5393
3002716,3.7119234
3002717,0.6919952
3002718,7.8907523
3002719,5.7313967
3002720,0.18397282
3002721,127.33026
3002722,3.5106928
3002723,0.017497677
3002724,3.1588411
3002725,12.397583
3002726,0.26546806
3002727,184.42795
3002728,180.35417
3002729,0.35387608
3002730,2.455568
3002731,179.96727
3002732,21.416216
3002733,157.89473
3002734,0.52215034
3002735,2.8019996
3002736,6.7642884
3002737,0.20218478
3002738,4.844909
3002739,3737.6084
3002740,0.0
3002741,609.6158
3002742,10.858776
3002743,1959.0446
3002744,536.0486
3002745,439.6539
3002746,163.41835
3002747,106.2364
3002748,6670.5317
3002749,18.034437
3002750,0.7255658
3002751,25.220146
3002752,14.846454
3002753,0.4104489
3002754,350.4805
3002755,8.3265295
3002756,1.6336673
3002757,11.003887
3002758,45.563213
3002759,1.5539939
3002760,622.12634
3002761,397.44864
3002762,1.0600101
3002763,8.229324
3002764,524.2743
3002765,56.377827
3002766,839.5459
3002767,4.071277
3002768,8.366941
3002769,4.8334312
3002770,0.11435117
3002771,0.9580338
3002772,1333.9171
3002773,0.0037253872
3002774,182.75278
3002775,6.525039
3002776,776.37054
3002777,348.82266
3002778,200.33037
3002779,77.57714
3002780,49.545284
3002781,2528.5208
3002782,6.381907
3002783,0.9721786
3002784,11.033277
3002785,8.825744
3002786,0.23313533
3002787,120.612885
3002788,1.3362786
3002789,0.010676556
3002790,6.346436
3002791,39.2732
3002792,0.7883769
3002793,146.37378
3002794,158.43832
3002795,0.5404954
3002796,3.122817
3002797,186.95488
3002798,34.34757
3002799,215.36288
3002800,0.5479536
3002801,2.6870875
3002802,5.633636
3002803,0.0
3002804,1.271682
3002805,1330.5571
3002806,0.0014923476
3002807,162.51952
3002808,4.3776765
3002809,791.6859
3002810,281.41577
3002811,162.12834
3002812,54.37315
3002813,34.386814
3002814,2775.105
3002815,7.3480926
3002816,0.53764415
3002817,11.384639
3002818,8.665766
3002819,0.15525308
3002820,114.64932
3002821,2.9333572
3002822,0.013711616
3002823,2.8694224
3002824,33.149696
3002825,0.4834748
3002826,153.69649
3002827,183.78099
3002828,0.2529979
3002829,2.5130143
3002830,122.75931
3002831,28.257538
3002832,126.082596
3002833,0.4016214
3002834,1.8864661
3002835,3.6812344
3002836,0.0074831373
3002837,1.1397009
3002838,994.8567
3002839,0.0037262663
3002840,189.93582
3002841,4.9774675
3002842,1099.0231
3002843,368.65088
3002844,227.15392
3002845,37.89204
3002846,64.67688
3002847,2666.9456
3002848,6.039398
3002849,0.34245405
3002850,13.196571
3002851,13.116634
3002852,0.194105
3002853,164.25629
3002854,1.0309428
3002855,0.0
3002856,4.614113
3002857,25.346582
3002858,0.83797526
3002859,293.43378
3002860,278.3641
3002861,0.46731022
3002862,3.1804016
3002863,97.11492
3002864,62.071953
3002865,243.05956
3002866,0.33236647
3002867,3.948214
3002868,2.7023966
3002869,0.97021294
3002870,1.8867849
3002871,1275.9417
3002872,0.0
3002873,152.47723
3002874,3.221703
3002875,880.2036
3002876,315.47333
3002877,278.05972
3002878,81.07395
3002879,67.07582
3002880,2757.4302
3002881,9.690625
3002882,0.92056674
3002883,32.66758
3002884,11.149158
3002885,0.11231372
3002886,156.46895
3002887,5.995191
3002888,0.009160055
3002889,4.8952484
3002890,24.6873
3002891,0.7831415
3002892,126.77888
3002893,184.05629
3002894,0.42234567
3002895,2.8180876
3002896,130.9612
3002897,31.580082
3002898,414.72617
3002899,0.4250853
3002900,5.19567
3002901,5.783392
3002902,0.095166005
3002903,0.85134906
3002904,1127.618
3002905,5.4260716e-05
3002906,203.34253
3002907,3.8595462
3002908,1008.262
3002909,256.3023
3002910,217.46794
3002911,184.031
3002912,43.658134
3002913,2581.5686
3002914,5.817293
3002915,0.6040622
3002916,13.453672
3002917,8.222399
3002918,0.12168178
3002919,143.0332
3002920,0.0018376261
3002921,0.018437175
3002922,3.8149514
3002923,36.023422
3002924,0.6101565
3002925,75.70049
3002926,198.30096
3002927,0.28081486
3002928,2.0864236
3002929,95.617714
3002930,42.166447
3002931,396.76443
3002932,1.4497597
3002933,2.6462166
3002934,6.253348
3002935,0.16287577
3002936,1.8570721
3002937,2492.589
3002938,0.0
3002939,255.41763
3002940,4.934811
3002941,1080.2114
3002942,569.0792
3002943,435.22717
3002944,187.9448
3002945,99.85877
3002946,3906.691
3002947,8.283247
3002948,0.7429173
3002949,18.109001
3002950,16.569849
3002951,0.17990401
3002952,201.99876
3002953,2.0809174
3002954,0.13341877
3002955,5.4953523
3002956,39.58707
3002957,1.3119798
3002958,255.10928
3002959,234.26286
3002960,1.0653663
3002961,5.5120835
3002962,308.64685
3002963,66.758766
3002964,791.95874
3002965,0.5213158
3002966,11.187469
3002967,3.827896
3002968,0.10585445
3002969,2.0031404
3002970,1702.2632
3002971,0.0
3002972,657.689
3002973,4.4705176
3002974,603.26855
3002975,489.00854
3002976,209.55663
3002977,164.0789
3002978,57.740772
3002979,2497.9275
3002980,16.983952
3002981,0.9693913
3002982,15.302115
3002983,8.849038
3002984,0.1662435
3002985,116.651955
3002986,6.657097
3002987,1.4689908
3002988,4.159003
3002989,57.62484
3002990,1.2159245
3002991,98.36201
3002992,152.6008
3002993,1.9641056
3002994,4.560241
3002995,202.34204
3002996,50.726173
3002997,925.2006
3002998,1.6287508
3002999,9.012433
3003000,6.7800717
3003001,0.123208374
3003002,1.6335083
3003003,2026.5317
3003004,0.0014989749
3003005,180.00638
3003006,5.592704
3003007,946.566
3003008,304.726
3003009,282.96075
3003010,67.119194
3003011,63.7564
3003012,3091.7761
3003013,9.997705
3003014,1.2885466
3003015,15.244819
3003016,9.066286
3003017,0.17417414
3003018,133.68007
3003019,5.606619
3003020,0.017437452
3003021,4.596432
3003022,33.931282
3003023,1.0636147
3003024,143.09822
3003025,191.99808
3003026,0.596803
3003027,3.1550362
3003028,127.95326
3003029,34.065075
3003030,283.1344
3003031,0.5175867
3003032,4.2320175
3003033,5.555253
3003034,0.055675454
3003035,4.7508893
3003036,2546.6135
3003037,0.15116084
3003038,563.1116
3003039,8.447985
3003040,975.40094
3003041,883.6869
3003042,249.3217
3003043,187.83153
3003044,165.28831
3003045,3994.4673
3003046,31.971594
3003047,1.2009397
3003048,18.723282
3003049,15.137671
3003050,0.5019927
3003051,189.53519
3003052,18.754349
3003053,8.260663
3003054,8.837161
3003055,87.82923
3003056,4.0215793
3003057,506.09152
3003058,269.1173
3003059,5.7722583
3003060,6.0764375
3003061,504.41373
3003062,127.187386
3003063,1764.5643
3003064,0.49972945
3003065,32.697662
3003066,4.7758303
3003067,0.3296427
3003068,2.9939234
3003069,1729.0073
3003070,0.00029288605
3003071,272.74435
3003072,4.2363763
3003073,742.666
3003074,435.43106
3003075,345.5893
3003076,71.110886
3003077,63.14479
3003078,3006.1235
3003079,7.4775457
3003080,0.45062366
3003081,15.800271
3003082,9.030003
3003083,0.10963329
3003084,172.62744
3003085,4.420755
3003086,3.2435908
3003087,1.9898309
3003088,24.60775
3003089,0.6727114
3003090,168.62878
3003091,222.98793
3003092,1.5628592
3003093,2.9457505
3003094,214.58801
3003095,47.220535
3003096,525.2228
3003097,2.6890774
3003098,7.2424088
3003099,4.922712
3003100,0.30600792
3003101,2.2921214
3003102,1222.0703
3003103,0.0
3003104,233.02571
3003105,3.6103776
3003106,601.5761
3003107,263.9015
3003108,152.6104
3003109,102.1302
3003110,46.09356
3003111,1988.9387
3003112,6.494382
3003113,0.44285932
3003114,16.402548
3003115,14.09742
3003116,0.14928125
3003117,151.95981
3003118,2.5308084
3003119,1.1980414
3003120,4.3494406
3003121,31.737566
3003122,1.0065056
3003123,52.907143
3003124,153.23724
3003125,0.90269566
3003126,3.7861235
3003127,82.05784
3003128,48.174706
3003129,597.27313
3003130,2.194855
3003131,2.7431285
3003132,2.3250234
3003133,0.124461815
3003134,0.6486968
3003135,529.24493
3003136,0.0028772913
3003137,56.292767
3003138,3.8123145
3003139,257.81216
3003140,126.208534
3003141,68.32829
3003142,22.106382
3003143,31.415983
3003144,982.0459
3003145,2.398379
3003146,0.4434199
3003147,17.080345
3003148,7.9620643
3003149,0.14707033
3003150,66.039406
3003151,0.22553857
3003152,0.007156405
3003153,3.0262969
3003154,13.411062
3003155,1.2001083
3003156,43.87188
3003157,66.682
3003158,0.4064572
3003159,2.3218262
3003160,51.6861
3003161,19.146965
3003162,167.04497
3003163,0.22730945
3003164,0.90199417
3003165,2.311382
3003166,0.0006774068
3003167,1.5724031
3003168,1210.1993
3003169,0.054007635
3003170,274.76105
3003171,9.312872
3003172,572.72894
3003173,477.6599
3003174,133.39774
3003175,54.79283
3003176,103.91607
3003177,1995.7646
3003178,24.655663
3003179,0.1372421
3003180,7.151107
3003181,9.398701
3003182,0.21059316
3003183,92.982254
3003184,7.1878486
3003185,0.9861994
3003186,4.4329743
3003187,55.068913
3003188,2.2706354
3003189,628.69275
3003190,141.70403
3003191,1.8627443
3003192,2.6534498
3003193,306.69016
3003194,49.873917
3003195,843.733
3003196,0.1907459
3003197,15.401392
3003198,3.24312
3003199,0.046471693
3003200,5.0269995
3003201,2895.9214
3003202,0.14271386
3003203,701.6952
3003204,11.475429
3003205,1102.9323
3003206,1101.5219
3003207,253.57884
3003208,202.32948
3003209,213.31763
3003210,3776.7366
3003211,26.095486
3003212,1.1881732
3003213,16.289103
3003214,30.416239
3003215,0.38070616
3003216,183.51828
3003217,8.978013
3003218,13.875726
3003219,9.068086
3003220,100.563705
3003221,6.911882
3003222,384.06906
3003223,264.90628
3003224,9.45909
3003225,7.718061
3003226,499.09915
3003227,128.33806
3003228,2410.0835
3003229,0.5991333
3003230,34.96559
3003231,2.115241
3003232,0.01945852
3003233,2.3616617
3003234,1764.9177
3003235,0.08041734
3003236,286.19608
3003237,4.7200494
3003238,457.39975
3003239,476.02524
3003240,124.317024
3003241,104.80539
3003242,176.18033
3003243,1678.1948
3003244,11.584223
3003245,0.880955
3003246,19.138186
3003247,12.01699
3003248,0.14228971
3003249,70.1614
3003250,0.00016824901
3003251,10.407809
3003252,7.80283
3003253,175.93587
3003254,3.47752
3003255,197.37457
3003256,106.02949
3003257,2.1958392
3003258,3.4237716
3003259,158.44783
3003260,50.4191
3003261,918.01666
3003262,0.34810463
3003263,5.3756876
3003264,3.5315192
3003265,0.063961126
3003266,0.93137854
3003267,814.80536
3003268,0.009043197
3003269,223.36856
3003270,4.717182
3003271,433.65866
3003272,242.8969
3003273,89.93216
3003274,40.685253
3003275,80.543785
3003276,1608.4604
3003277,4.204102
3003278,0.7989274
3003279,8.259043
3003280,5.6685476
3003281,0.21739715
3003282,59.949184
3003283,1.202012
3003284,1.6621107
3003285,3.5287004
3003286,34.034397
3003287,0.23692822
3003288,279.6818
3003289,159.448
3003290,0.94442666
3003291,1.2480928
3003292,162.3652
3003293,17.594944
3003294,355.02136
3003295,0.5774296
3003296,3.4020226
3003297,4.952741
3003298,0.05177767
3003299,3.621467
3003300,2500.1436
3003301,0.063647546
3003302,614.2623
3003303,10.614721
3003304,802.3678
3003305,819.58624
3003306,253.95203
3003307,212.55273
3003308,166.95393
3003309,3259.9937
3003310,21.616415
3003311,1.7986526
3003312,12.656221
3003313,15.106181
3003314,0.3328786
3003315,143.21689
3003316,4.7550774
3003317,13.859278
3003318,5.7911043
3003319,160.28667
3003320,2.370297
3003321,272.72678
3003322,208.05296
3003323,5.567674
3003324,5.8719387
3003325,389.55072
3003326,90.666176
3003327,1751.4531
3003328,0.6647206
3003329,23.93401
3003330,7.22678
3003331,0.028306378
3003332,2.0008292
3003333,2342.8384
3003334,0.0018739644
3003335,574.49506
3003336,7.943038
3003337,1045.2853
3003338,667.9495
3003339,346.75598
3003340,243.60591
3003341,98.777275
3003342,3787.8337
3003343,7.2701764
3003344,1.2784548
3003345,23.769629
3003346,11.493357
3003347,0.535427
3003348,179.89655
3003349,0.00072351843
3003350,1.8996044
3003351,7.5406194
3003352,116.606
3003353,0.69882804
3003354,201.47028
3003355,307.4383
3003356,2.7008903
3003357,3.36172
3003358,236.5725
3003359,65.647545
3003360,1005.7065
3003361,4.0170355
3003362,6.3634644
3003363,3.5118077
3003364,0.23660824
3003365,1.6590599
3003366,1377.0067
3003367,0.0010361914
3003368,324.4879
3003369,5.1962247
3003370,525.5169
3003371,378.36224
3003372,154.64949
3003373,105.62435
3003374,54.18295
3003375,1938.5674
3003376,5.725742
3003377,0.6051136
3003378,13.367613
3003379,9.923481
3003380,0.15766153
3003381,123.58597
3003382,0.0016463418
3003383,1.0838927
3003384,2.650374
3003385,65.05998
3003386,0.721227
3003387,70.672264
3003388,151.08269
3003389,2.2616253
3003390,2.800109
3003391,110.81618
3003392,37.936104
3003393,624.9817
3003394,2.1693523
3003395,3.779099
3003396,9.487292
3003397,0.42036313
3003398,9.766929
3003399,6969.648
3003400,0.3385721
3003401,1171.8726
3003402,30.861261
3003403,2082.9001
3003404,2099.4778
3003405,398.7177
3003406,524.342
3003407,458.93698
3003408,7847.235
3003409,77.79905
3003410,3.047835
3003411,46.717354
3003412,37.157085
3003413,1.9591782
3003414,345.64285
3003415,32.85614
3003416,25.051445
3003417,26.795927
3003418,223.1993
3003419,12.678095
3003420,819.6755
3003421,513.90784
3003422,12.427099
3003423,18.910566
3003424,1179.4968
3003425,369.42435
3003426,5433.0913
3003427,0.8030828
3003428,106.62438
3003429,3.1667662
3003430,0.069018245
3003431,0.63383645
3003432,967.2749
3003433,8.40975e-05
3003434,154.96617
3003435,2.5813503
3003436,488.31802
3003437,230.95325
3003438,107.15676
3003439,124.34961
3003440,60.5112
3003441,1581.0188
3003442,3.4439642
3003443,0.9280524
3003444,9.841669
3003445,4.936024
3003446,0.29832846
3003447,80.54435
3003448,0.42155653
3003449,0.0031565428
3003450,4.10222
3003451,54.914406
3003452,0.36783275
3003453,57.865643
3003454,105.07388
3003455,0.8807542
3003456,2.5426705
3003457,101.14889
3003458,23.122488
3003459,332.01016
3003460,0.8316019
3003461,3.4485424
3003462,7.714216
3003463,0.57698154
3003464,2.658608
3003465,1873.6261
3003466,0.00010093115
3003467,473.64862
3003468,5.5901456
3003469,1271.4639
3003470,613.80194
3003471,252.93105
3003472,246.73196
3003473,112.554146
3003474,4006.2136
3003475,9.548665
3003476,0.73201656
3003477,15.039134
3003478,13.261283
3003479,0.38767108
3003480,199.1358
3003481,1.5560995
3003482,1.1875446
3003483,12.597137
3003484,30.862389
3003485,0.6708228
3003486,311.56573
3003487,300.09045
3003488,1.5635377
3003489,4.985645
3003490,143.04433
3003491,74.31752
3003492,856.984
3003493,2.8366518
3003494,5.093832
3003495,1.8170383
3003496,0.0476478
3003497,0.23708607
3003498,624.3823
3003499,0.0
3003500,100.39642
3003501,2.3705633
3003502,450.87915
3003503,149.50455
3003504,98.30011
3003505,140.90779
3003506,30.129623
3003507,1482.6342
3003508,1.7193232
3003509,0.47792408
3003510,7.634631
3003511,2.5052402
3003512,0.16723943
3003513,64.744156
3003514,0.0021706745
3003515,0.005230951
3003516,2.238282
3003517,72.38125
3003518,0.108062945
3003519,58.905693
3003520,98.667435
3003521,0.129806
3003522,0.8555118
3003523,63.734707
3003524,11.272292
3003525,125.438095
3003526,0.88624555
3003527,1.215238
3003528,7.9061747
3003529,0.15962012
3003530,1.1098654
3003531,1409.044
3003532,0.0
3003533,279.234
3003534,5.4069157
3003535,1076.1162
3003536,402.59335
3003537,202.05394
3003538,174.57826
3003539,77.815865
3003540,3113.79
3003541,2.9937267
3003542,0.7069519
3003543,31.865364
3003544,12.358083
3003545,0.17743602
3003546,154.99687
3003547,0.0
3003548,0.032088995
3003549,12.774606
3003550,66.02436
3003551,0.95861053
3003552,255.91614
3003553,241.92043
3003554,0.70555204
3003555,3.2557213
3003556,219.49796
3003557,37.406456
3003558,852.1324
3003559,1.1289853
3003560,1.5730543
3003561,3.4093564
3003562,0.19252783
3003563,2.8308198
3003564,2327.334
3003565,0.0019078702
3003566,684.44666
3003567,7.3970547
3003568,919.29175
3003569,596.4008
3003570,253.32526
3003571,118.621666
3003572,133.24031
3003573,3854.1255
3003574,5.6198936
3003575,1.8385319
3003576,26.083126
3003577,23.944084
3003578,0.66761863
3003579,161.4735
3003580,3.7004187
3003581,2.1653578
3003582,9.91598
3003583,52.58163
3003584,1.1243336
3003585,184.17754
3003586,320.392
3003587,1.6799557
3003588,3.9750297
3003589,141.93486
3003590,34.750603
3003591,496.46057
3003592,5.075788
3003593,3.112786
3003594,4.4469156
3003595,0.057036694
3003596,0.26825565
3003597,1153.5538
3003598,0.0
3003599,92.626205
3003600,1.661321
3003601,479.52255
3003602,163.99
3003603,83.334984
3003604,176.99277
3003605,54.1991
3003606,1768.3273
3003607,2.9033072
3003608,0.62177956
3003609,7.704541
3003610,6.2248282
3003611,0.20362836
3003612,69.33306
3003613,0.004176311
3003614,0.056294616
3003615,1.4930447
3003616,44.30524
3003617,0.2908009
3003618,165.50899
3003619,88.02306
3003620,0.28065693
3003621,0.74665856
3003622,58.51141
3003623,17.591665
3003624,231.22105
3003625,0.8116247
3003626,0.48684034
3003627,3.9138079
3003628,0.043282088
3003629,1.450388
3003630,2086.853
3003631,0.0
3003632,490.1421
3003633,5.09457
3003634,875.72534
3003635,528.3278
3003636,210.91034
3003637,117.80098
3003638,104.30354
3003639,3427.2441
3003640,6.251361
3003641,0.51603144
3003642,21.834057
3003643,11.511568
3003644,0.20139466
3003645,151.2595
3003646,0.05717068
3003647,8.39738
3003648,3.1727378
3003649,128.39206
3003650,0.6120121
3003651,203.01064
3003652,238.31029
3003653,1.1588233
3003654,3.2538977
3003655,121.92002
3003656,53.04956
3003657,931.16925
3003658,5.063436
3003659,1.0045722
3003660,4.0433235
3003661,0.022234615
3003662,4.3540325
3003663,2176.7588
3003664,0.15927766
3003665,557.70386
3003666,8.138244
3003667,1052.9181
3003668,913.2067
3003669,148.5033
3003670,154.8942
3003671,197.50862
3003672,3686.2222
3003673,46.64559
3003674,1.9312549
3003675,22.634432
3003676,16.207857
3003677,0.342045
3003678,167.44794
3003679,17.329384
3003680,13.053207
3003681,5.890584
3003682,109.36153
3003683,5.007477
3003684,249.62294
3003685,257.18777
3003686,6.775892
3003687,6.6699257
3003688,253.9379
3003689,131.53882
3003690,1944.696
3003691,0.31930298
3003692,20.106796
3003693,6.63548
3003694,0.016310459
3003695,5.2022963
3003696,1896.8412
3003697,0.10292068
3003698,541.2672
3003699,9.949124
3003700,1077.1294
3003701,841.48413
3003702,170.08318
3003703,120.07189
3003704,217.09592
3003705,3812.3848
3003706,26.774807
3003707,1.740701
3003708,24.222424
3003709,18.429657
3003710,0.14669202
3003711,218.25262
3003712,18.679964
3003713,8.860012
3003714,13.234464
3003715,79.2255
3003716,5.2583632
3003717,185.48672
3003718,364.97787
3003719,4.0727096
3003720,6.307207
3003721,163.06117
3003722,120.7732
3003723,1518.8213
3003724,0.32481414
3003725,19.641184
3003726,8.956368
3003727,0.27392563
3003728,3.9174008
3003729,2364.6663
3003730,0.00064894
3003731,718.5467
3003732,7.159489
3003733,1303.2151
3003734,538.3754
3003735,190.07259
3003736,405.4763
3003737,93.54188
3003738,4328.697
3003739,29.045261
3003740,1.8223702
3003741,23.956005
3003742,14.440457
3003743,0.42815354
3003744,216.09138
3003745,4.8846283
3003746,8.098882
3003747,6.807809
3003748,65.21786
3003749,1.9855652
3003750,266.9257
3003751,312.35065
3003752,2.8232427
3003753,5.738657
3003754,213.94026
3003755,77.80137
3003756,1127.7322
3003757,1.9090363
3003758,10.972486
3003759,4.041614
3003760,0.008304758
3003761,4.1344075
3003762,2252.6719
3003763,0.16938874
3003764,412.66708
3003765,6.809071
3003766,889.1127
3003767,812.8819
3003768,218.76366
3003769,172.48056
3003770,154.14615
3003771,3400.5208
3003772,20.112886
3003773,1.142844
3003774,14.837393
3003775,9.491936
3003776,0.4060918
3003777,164.11877
3003778,16.255985
3003779,9.554538
3003780,4.059678
3003781,84.42724
3003782,3.6485803
3003783,368.55405
3003784,230.48134
3003785,4.5195203
3003786,5.7365775
3003787,463.28955
3003788,100.41026
3003789,1664.4349
3003790,0.22827002
3003791,32.96227
3003792,3.9879866
3003793,0.31061682
3003794,1.1994106
3003795,2397.7366
3003796,0.00029220618
3003797,372.9101
3003798,5.9361496
3003799,1421.2854
3003800,489.54175
3003801,258.59924
3003802,145.57277
3003803,73.22933
3003804,4458.2383
3003805,9.000901
3003806,1.0337576
3003807,22.788885
3003808,16.8009
3003809,0.22568849
3003810,224.89542
3003811,0.0
3003812,0.14640738
3003813,8.349219
3003814,72.1075
3003815,0.97798586
3003816,116.41666
3003817,293.0377
3003818,1.188705
3003819,4.357719
3003820,156.45415
3003821,50.87966
3003822,713.14825
3003823,2.123801
3003824,3.232844
3003825,4.924517
3003826,0.030997192
3003827,4.4638042
3003828,1579.7506
3003829,0.03274352
3003830,430.97256
3003831,7.7354875
3003832,887.44055
3003833,577.09393
3003834,199.17084
3003835,119.55424
3003836,185.10988
3003837,2985.7236
3003838,23.136269
3003839,0.8061559
3003840,17.971596
3003841,20.728909
3003842,0.296861
3003843,151.26912
3003844,8.538086
3003845,10.026549
3003846,8.431735
3003847,72.50869
3003848,5.8263907
3003849,174.64261
3003850,265.83136
3003851,4.805674
3003852,4.8645267
3003853,163.91167
3003854,60.037968
3003855,1230.7272
3003856,0.66655064
3003857,7.917633
3003858,1.7636391
3003859,0.014461481
3003860,2.4771025
3003861,1175.5062
3003862,0.19085751
3003863,239.37709
3003864,5.5513215
3003865,381.5028
3003866,389.20874
3003867,71.6478
3003868,59.92318
3003869,74.71018
3003870,1460.184
3003871,12.9207735
3003872,0.505703
3003873,9.715063
3003874,12.670564
3003875,0.122209325
3003876,99.016365
3003877,8.614796
3003878,11.703645
3003879,2.1111805
3003880,36.388783
3003881,3.9343383
3003882,97.565384
3003883,107.25294
3003884,3.232573
3003885,3.8347282
3003886,107.72953
3003887,36.62522
3003888,1180.2782
3003889,0.2618921
3003890,8.703906
3003891,6.178787
3003892,0.047838874
3003893,1.1727859
3003894,3082.7449
3003895,0.0034192875
3003896,309.61682
3003897,5.706072
3003898,1032.6475
3003899,371.3003
3003900,241.94557
3003901,146.223
3003902,53.102634
3003903,3387.0364
3003904,4.2473426
3003905,1.189015
3003906,15.760605
3003907,10.46304
3003908,0.13509072
3003909,145.98145
3003910,0.002204772
3003911,0.9964518
3003912,3.3656015
3003913,90.23037
3003914,1.2160481
3003915,149.31477
3003916,225.61844
3003917,0.68401676
3003918,2.8846781
3003919,175.4722
3003920,61.39098
3003921,515.5628
3003922,1.7988337
3003923,0.7504217
3003924,18.958391
3003925,0.00028442778
3003926,12.024432
3003927,8223.917
3003928,0.32826266
3003929,1409.3258
3003930,24.343931
3003931,2570.5051
3003932,2613.4568
3003933,601.65247
3003934,649.44763
3003935,620.068
3003936,9893.807
3003937,81.742035
3003938,4.1950526
3003939,85.96027
3003940,64.40612
3003941,1.9522973
3003942,425.06906
3003943,21.087902
3003944,13.207063
3003945,19.017756
3003946,334.9059
3003947,11.972125
3003948,974.49084
3003949,564.71497
3003950,21.437773
3003951,28.196812
3003952,1290.0663
3003953,471.1712
3003954,6776.303
3003955,15.038799
3003956,123.132385
3003957,15.948879
3003958,0.0010664109
3003959,10.097309
3003960,6991.592
3003961,0.36190042
3003962,1158.489
3003963,24.613846
3003964,2530.2498
3003965,2185.4243
3003966,651.5361
3003967,412.90164
3003968,535.1251
3003969,9892.638
3003970,84.101006
3003971,1.0932456
3003972,50.463966
3003973,54.788555
3003974,1.336975
3003975,434.66867
3003976,17.142723
3003977,18.311113
3003978,4.953277
3003979,213.31473
3003980,9.17668
3003981,1203.7073
3003982,646.6575
3003983,14.37899
3003984,20.21038
3003985,1320.5677
3003986,329.34048
3003987,4382.061
3003988,12.956744
3003989,97.33219
3003990,15.323248
3003991,0.00016978942
3003992,11.893319
3003993,4827.933
3003994,0.12465455
3003995,793.95374
3003996,15.196904
3003997,2311.5925
3003998,1479.4716
3003999,817.5711
3004000,177.74498
3004001,407.56494
3004002,8639.355
3004003,42.831223
3004004,1.5006664
3004005,28.90607
3004006,36.756668
3004007,1.3482885
3004008,452.27066
3004009,21.839785
3004010,10.866796
3004011,6.851386
3004012,123.443825
3004013,4.7279778
3004014,1163.4009
3004015,757.287
3004016,13.932579
3004017,16.752289
3004018,1029.8705
3004019,175.74269
3004020,1996.4679
3004021,10.748463
3004022,50.637802
3004023,16.090906
3004024,0.0036555678
3004025,12.456462
3004026,6634.1777
3004027,0.36159775
3004028,1124.8518
3004029,18.073069
3004030,2341.8142
3004031,2045.358
3004032,646.80884
3004033,356.6151
3004034,435.61664
3004035,9384.099
3004036,65.998436
3004037,1.808297
3004038,42.8307
3004039,47.532658
3004040,1.8644838
3004041,444.31042
3004042,20.108082
3004043,16.385416
3004044,4.954219
3004045,168.95955
3004046,7.6912584
3004047,899.97034
3004048,715.02026
3004049,14.279714
3004050,19.342754
3004051,1185.2854
3004052,287.8857
3004053,4053.7432
3004054,8.744025
3004055,85.97025
3004056,13.859633
3004057,0.0
3004058,10.668286
3004059,3894.3547
3004060,0.033896588
3004061,716.4117
3004062,15.323331
3004063,2159.597
3004064,1243.0725
3004065,658.46265
3004066,141.9955
3004067,314.15182
3004068,7742.7397
3004069,43.894867
3004070,0.8988217
3004071,34.604977
3004072,25.737482
3004073,0.87173545
3004074,415.54184
3004075,17.783213
3004076,6.42113
3004077,4.996861
3004078,105.96151
3004079,3.1953888
3004080,984.5742
3004081,721.42065
3004082,10.168232
3004083,14.445516
3004084,911.19293
3004085,132.13423
3004086,1464.1208
3004087,13.700094
3004088,30.058128
3004089,10.653879
3004090,0.00017854106
3004091,8.00852
3004092,5715.045
3004093,0.28261644
3004094,1065.1329
3004095,22.150919
3004096,1724.1808
3004097,1970.044
3004098,376.2578
3004099,440.01697
3004100,440.7452
3004101,6804.1997
3004102,65.82906
3004103,1.7397457
3004104,42.458035
3004105,27.394796
3004106,1.0265175
3004107,305.1007
3004108,11.368529
3004109,17.132305
3004110,9.12532
3004111,224.45561
3004112,8.817448
3004113,744.7869
3004114,405.79224
3004115,10.964448
3004116,21.727331
3004117,917.9798
3004118,302.92188
3004119,5074.323
3004120,6.980862
3004121,87.23283
3004122,5.539838
3004123,0.13229388
3004124,5.163962
3004125,1555.9962
3004126,0.1423316
3004127,385.88742
3004128,16.472065
3004129,987.1411
3004130,532.2863
3004131,247.28165
3004132,111.66463
3004133,164.08215
3004134,3143.5984
3004135,20.068739
3004136,1.029551
3004137,19.176588
3004138,23.663979
3004139,0.58851904
3004140,151.83739
3004141,9.44795
3004142,2.9880545
3004143,17.97241
3004144,66.01288
3004145,4.100446
3004146,281.84268
3004147,270.6756
3004148,2.0105636
3004149,5.076153
3004150,254.54996
3004151,88.619644
3004152,1044.7335
3004153,0.51555455
3004154,13.225852
3004155,11.684774
3004156,1.7057871e-05
3004157,7.790047
3004158,3342.3022
3004159,0.18176304
3004160,585.8101
3004161,23.696281
3004162,1609.051
3004163,1040.6997
3004164,464.14655
3004165,114.03711
3004166,271.93762
3004167,6071.5767
3004168,46.971905
3004169,1.5285743
3004170,52.554806
3004171,48.345757
3004172,0.6463805
3004173,287.66797
3004174,13.957422
3004175,5.310626
3004176,5.9419403
3004177,114.77411
3004178,4.912729
3004179,602.1447
3004180,499.51953
3004181,5.924678
3004182,15.013356
3004183,449.71118
3004184,120.95205
3004185,1533.1285
3004186,8.55133
3004187,23.481413
3004188,6.9544344
3004189,0.0027639717
3004190,4.882419
3004191,4199.394
3004192,0.16058041
3004193,870.91595
3004194,10.274636
3004195,1461.5269
3004196,1504.1854
3004197,258.62732
3004198,334.5839
3004199,337.92407
3004200,4960.9473
3004201,31.966888
3004202,1.4148492
3004203,22.02255
3004204,21.483229
3004205,1.1174642
3004206,215.29216
3004207,2.7360547
3004208,17.864763
3004209,6.490955
3004210,162.39056
3004211,6.155886
3004212,636.20734
3004213,290.06235
3004214,11.699023
3004215,7.674683
3004216,882.37317
3004217,168.17151
3004218,3567.2407
3004219,6.462068
3004220,65.33918
3004221,0.83600706
3004222,0.0026282892
3004223,0.5376279
3004224,302.0502
3004225,7.4785203e-06
3004226,53.85826
3004227,0.7506354
3004228,113.88792
3004229,79.073906
3004230,24.864115
3004231,13.915048
3004232,22.301302
3004233,418.20486
3004234,3.1643622
3004235,0.22841899
3004236,3.8083076
3004237,3.5309212
3004238,0.06800381
3004239,24.691088
3004240,0.72473294
3004241,4.4526443
3004242,0.54127055
3004243,13.473177
3004244,0.6773214
3004245,33.206306
3004246,25.565638
3004247,0.99108136
3004248,1.8570471
3004249,33.150208
3004250,9.039688
3004251,328.00226
3004252,1.3316855
3004253,0.70313853
3004254,4.9872403
3004255,0.014727836
3004256,3.6010084
3004257,1321.8857
3004258,0.047357973
3004259,331.33423
3004260,5.5670466
3004261,677.68677
3004262,363.05502
3004263,156.38078
3004264,68.53324
3004265,119.72525
3004266,2035.9309
3004267,11.016892
3004268,0.9682531
3004269,14.966713
3004270,14.444886
3004271,0.09544682
3004272,123.58699
3004273,2.776339
3004274,3.7494974
3004275,5.251285
3004276,73.80036
3004277,2.1695385
3004278,177.7138
3004279,187.16023
3004280,2.1877048
3004281,3.6833088
3004282,145.69696
3004283,53.65755
3004284,1174.7937
3004285,0.82506543
3004286,4.1555347
3004287,5.789437
3004288,0.18758191
3004289,0.6005814
3004290,1327.4757
3004291,0.0041342303
3004292,221.50323
3004293,3.1109114
3004294,1054.1694
3004295,189.26437
3004296,188.86691
3004297,73.55827
3004298,35.675556
3004299,2679.9082
3004300,8.018605
3004301,0.70325756
3004302,15.919441
3004303,9.269455
3004304,0.17818366
3004305,142.19301
3004306,0.00059460197
3004307,0.0
3004308,4.2920365
3004309,23.525436
3004310,0.47957352
3004311,52.43191
3004312,184.7379
3004313,0.10904875
3004314,2.1041481
3004315,54.339832
3004316,62.769344
3004317,377.21655
3004318,0.63730514
3004319,1.7147402
3004320,5.4176273
3004321,0.0073463353
3004322,5.761303
3004323,3116.7913
3004324,0.049001843
3004325,556.2695
3004326,9.980886
3004327,1246.552
3004328,987.69434
3004329,347.21558
3004330,204.15086
3004331,231.73917
3004332,4700.2847
3004333,34.982437
3004334,0.94523287
3004335,18.695498
3004336,30.878435
3004337,0.39765963
3004338,216.05818
3004339,20.577463
3004340,7.939523
3004341,7.8937197
3004342,94.62476
3004343,3.8329322
3004344,497.2388
3004345,327.05402
3004346,6.266277
3004347,8.237778
3004348,650.3496
3004349,140.83887
3004350,1831.9098
3004351,0.28040212
3004352,43.58594
3004353,4.375821
3004354,0.030613229
3004355,3.672552
3004356,3435.6428
3004357,0.1296057
3004358,656.91766
3004359,11.933294
3004360,1060.7688
3004361,1265.288
3004362,170.40591
3004363,287.01196
3004364,265.36008
3004365,3782.1328
3004366,40.20969
3004367,2.1087089
3004368,15.33088
3004369,14.783745
3004370,0.77758247
3004371,160.36366
3004372,7.7135763
3004373,19.491032
3004374,8.816082
3004375,162.90813
3004376,6.989213
3004377,523.207
3004378,218.75616
3004379,4.0735316
3004380,7.338841
3004381,632.14185
3004382,183.18202
3004383,3532.9211
3004384,0.33647013
3004385,57.92219
3004386,5.3051195
3004387,0.0800576
3004388,7.380771
3004389,3901.7505
3004390,0.2012898
3004391,768.9938
3004392,15.805518
3004393,1267.8392
3004394,1449.4807
3004395,281.88754
3004396,328.24585
3004397,244.92424
3004398,4778.764
3004399,41.449684
3004400,2.4054654
3004401,31.797646
3004402,27.323622
3004403,1.1991713
3004404,247.78314
3004405,26.574846
3004406,17.394493
3004407,22.053562
3004408,149.44058
3004409,8.607401
3004410,517.7294
3004411,334.97064
3004412,10.795926
3004413,12.035226
3004414,625.831
3004415,211.15468
3004416,3268.5776
3004417,0.44393036
3004418,55.78197
3004419,14.068522
3004420,0.21128447
3004421,5.564233
3004422,2841.6487
3004423,0.0028032921
3004424,564.75946
3004425,10.352252
3004426,1741.523
3004427,775.56415
3004428,596.05963
3004429,197.74683
3004430,130.0947
3004431,6243.1445
3004432,11.442345
3004433,1.8926536
3004434,35.034573
3004435,20.75194
3004436,0.39918122
3004437,309.22745
3004438,10.087788
3004439,4.4748034
3004440,8.85446
3004441,52.1164
3004442,1.7467498
3004443,378.6079
3004444,451.0718
3004445,3.5868294
3004446,7.26628
3004447,492.72775
3004448,90.51524
3004449,1033.575
3004450,5.2178044
3004451,16.610361
3004452,3.3455262
3004453,0.0
3004454,2.437559
3004455,1634.1521
3004456,0.13285094
3004457,343.4107
3004458,10.661623
3004459,642.7381
3004460,642.9186
3004461,123.7872
3004462,140.30534
3004463,132.31079
3004464,2259.9028
3004465,21.87508
3004466,1.603045
3004467,15.72611
3004468,13.781322
3004469,0.35720545
3004470,107.81824
3004471,10.005811
3004472,9.22216
3004473,6.522271
3004474,102.40367
3004475,3.3831363
3004476,314.387
3004477,131.48135
3004478,3.7061722
3004479,5.6230135
3004480,293.22238
3004481,82.370766
3004482,1541.6938
3004483,0.18643388
3004484,26.058472
3004485,3.1386292
3004486,0.29954684
3004487,1.3667401
3004488,921.7244
3004489,0.0046582296
3004490,113.7266
3004491,2.7769423
3004492,778.64746
3004493,262.04947
3004494,253.49199
3004495,50.11877
3004496,45.887543
3004497,2474.42
3004498,3.6932147
3004499,0.6869701
3004500,7.9192643
3004501,5.72317
3004502,0.18646991
3004503,127.793304
3004504,3.493179
3004505,0.017452324
3004506,3.1785285
3004507,12.3949375
3004508,0.25788152
3004509,184.74913
3004510,180.49539
3004511,0.34548044
3004512,2.448652
3004513,180.69376
3004514,21.291204
3004515,158.04324
3004516,0.5314074
3004517,2.8085322
3004518,6.7572613
3004519,0.2053861
3004520,4.841342
3004521,3735.842
3004522,0.0
3004523,609.11584
3004524,10.807461
3004525,1962.0195
3004526,534.7871
3004527,440.5928
3004528,163.45952
3004529,106.5584
3004530,6671.401
3004531,18.0142
3004532,0.72639984
3004533,25.130001
3004534,14.873125
3004535,0.4140562
3004536,351.51913
3004537,8.442405
3004538,1.6219337
3004539,11.0511055
3004540,45.562782
3004541,1.5656652
3004542,620.9522
3004543,397.55984
3004544,1.0726274
3004545,8.256527
3004546,522.50336
3004547,56.63734
3004548,836.2047
3004549,4.055752
3004550,8.417948
3004551,4.810586
3004552,0.11498972
3004553,0.9522655
3004554,1333.9645
3004555,0.0
3004556,183.36241
3004557,6.467004
3004558,775.2881
3004559,349.31583
3004560,200.29082
3004561,77.546585
3004562,49.54154
3004563,2526.5942
3004564,6.3641524
3004565,0.9765844
3004566,11.071541
3004567,8.853825
3004568,0.23151228
3004569,120.32943
3004570,1.3468901
3004571,0.00999405
3004572,6.370012
3004573,39.152473
3004574,0.78063613
3004575,146.27942
3004576,158.15509
3004577,0.5439788
3004578,3.1308725
3004579,186.77193
3004580,34.27277
3004581,215.21439
3004582,0.5254768
3004583,2.6793437
3004584,5.617563
3004585,5.3234748e-05
3004586,1.2714518
3004587,1327.6729
3004588,0.0
3004589,161.58667
3004590,4.4013414
3004591,789.202
3004592,281.7819
3004593,161.83507
3004594,54.616734
3004595,34.346786
3004596,2768.8457
3004597,7.401672
3004598,0.54170406
3004599,11.445157
3004600,8.687559
3004601,0.15851758
3004602,114.4095
3004603,2.9395146
3004604,0.013829643
3004605,2.8865297
3004606,33.092995
3004607,0.4854309
3004608,153.32172
3004609,183.5246
3004610,0.25195006
3004611,2.4941332
3004612,122.840576
3004613,28.343246
3004614,126.41301
3004615,0.41497108
3004616,1.9000827
3004617,3.6679018
3004618,0.0073118084
3004619,1.1382327
3004620,991.5288
3004621,0.0
3004622,189.98042
3004623,4.926957
3004624,1091.25
3004625,368.2946
3004626,226.82185
3004627,37.759117
3004628,63.608425
3004629,2662.8262
3004630,6.0091844
3004631,0.3557811
3004632,13.070471
3004633,13.174289
3004634,0.1908429
3004635,164.24796
3004636,1.0464064
3004637,3.9605715e-05
3004638,4.605115
3004639,25.489801
3004640,0.83632296
3004641,292.63107
3004642,277.5577
3004643,0.46788904
3004644,3.1473458
3004645,97.565445
3004646,62.154305
3004647,243.2864
3004648,0.34262586
3004649,3.9492664
3004650,2.7053692
3004651,1.0091785
3004652,1.8810997
3004653,1278.4402
3004654,0.0031922832
3004655,152.5097
3004656,3.2182205
3004657,880.8792
3004658,315.33243
3004659,278.0324
3004660,81.38892
3004661,66.97136
3004662,2751.0764
3004663,9.711753
3004664,0.9255516
3004665,31.209244
3004666,11.115002
3004667,0.1105119
3004668,156.64122
3004669,6.0452394
3004670,0.0087485425
3004671,4.8924165
3004672,24.691696
3004673,0.7732218
3004674,126.63161
3004675,183.9994
3004676,0.42314327
3004677,2.8135064
3004678,130.78844
3004679,31.526514
3004680,414.19693
3004681,0.4069469
3004682,5.183482
3004683,5.786161
3004684,0.09715213
3004685,0.8577296
3004686,1126.3695
3004687,0.0007760655
3004688,202.76039
3004689,3.8596222
3004690,1013.3929
3004691,255.69832
3004692,217.05736
3004693,184.33977
3004694,43.40608
3004695,2579.7104
3004696,5.8178334
3004697,0.5979013
3004698,13.428355
3004699,8.24406
3004700,0.12505795
3004701,143.43182
3004702,0.0
3004703,0.01716062
3004704,3.8011448
3004705,36.25167
3004706,0.603208
3004707,75.7056
3004708,198.3363
3004709,0.2731102
3004710,2.0808754
3004711,95.77652
3004712,42.015766
3004713,397.94592
3004714,1.510587
3004715,2.615879
3004716,6.2354193
3004717,0.16387838
3004718,1.8662797
3004719,2495.1553
3004720,0.0
3004721,255.8582
3004722,4.941593
3004723,1078.4341
3004724,569.89294
3004725,435.56458
3004726,187.82874
3004727,100.16648
3004728,3902.6675
3004729,8.318152
3004730,0.7275956
3004731,18.093975
3004732,16.771
3004733,0.18273187
3004734,202.39261
3004735,2.0850275
3004736,0.13126034
3004737,5.481139
3004738,39.681477
3004739,1.3077917
3004740,255.6757
3004741,233.42717
3004742,1.0594022
3004743,5.477898
3004744,309.28552
3004745,66.76279
3004746,794.89777
3004747,0.5181501
3004748,11.197009
3004749,3.831275
3004750,0.10442528
3004751,1.9861387
3004752,1696.274
3004753,2.0679552e-05
3004754,656.21576
3004755,5.163318
3004756,606.1141
3004757,487.5491
3004758,208.64813
3004759,163.88274
3004760,58.059494
3004761,2491.8127
3004762,17.023422
3004763,0.9746475
3004764,15.075618
3004765,8.868915
3004766,0.16686395
3004767,115.58206
3004768,6.686563
3004769,1.4636337
3004770,4.144329
3004771,58.223255
3004772,1.221862
3004773,98.08196
3004774,153.81499
3004775,1.9441967
3004776,4.535045
3004777,201.38898
3004778,50.55843
3004779,925.8551
3004780,1.6932552
3004781,8.991805
3004782,6.7436967
3004783,0.12216661
3004784,1.6222861
3004785,2032.376
3004786,0.0
3004787,179.8859
3004788,5.6102943
3004789,944.46716
3004790,303.90115
3004791,283.2761
3004792,67.20535
3004793,63.395473
3004794,3080.8662
3004795,10.014184
3004796,1.2967017
3004797,15.218144
3004798,9.013108
3004799,0.17161569
3004800,133.93053
3004801,5.6152782
3004802,0.018882088
3004803,4.629448
3004804,34.26755
3004805,1.0662522
3004806,142.60638
3004807,191.82083
3004808,0.5995831
3004809,3.1367252
3004810,127.83831
3004811,34.001385
3004812,281.37354
3004813,0.5187015
3004814,4.2086697
3004815,5.5217495
3004816,0.05306311
3004817,4.746486
3004818,2548.3713
3004819,0.14953971
3004820,563.65906
3004821,8.476488
3004822,972.6709
3004823,881.65594
3004824,248.59818
3004825,188.04271
3004826,164.60333
3004827,4009.521
3004828,32.021366
3004829,1.1962534
3004830,18.809544
3004831,15.074587
3004832,0.5008793
3004833,189.75096
3004834,18.845753
3004835,8.253768
3004836,8.802141
3004837,88.17729
3004838,3.9854875
3004839,506.36548
3004840,270.7423
3004841,5.807289
3004842,6.111574
3004843,504.22974
3004844,127.2153
3004845,1758.4626
3004846,0.4889889
3004847,32.63087
3004848,4.7812376
3004849,0.33748373
3004850,3.0006835
3004851,1741.175
3004852,0.0
3004853,273.89816
3004854,4.232669
3004855,744.6236
3004856,432.53592
3004857,347.37347
3004858,71.39309
3004859,62.64376
3004860,3053.15
3004861,7.519324
3004862,0.45378798
3004863,15.944632
3004864,8.988491
3004865,0.10639681
3004866,171.38289
3004867,4.4752803
3004868,3.2789288
3004869,1.9945222
3004870,24.491957
3004871,0.67568696
3004872,168.99937
3004873,224.40562
3004874,1.5581093
3004875,2.9337142
3004876,214.37486
3004877,46.804283
3004878,528.8022
3004879,2.6759555
3004880,7.240891
3004881,4.926172
3004882,0.31419396
3004883,2.2913706
3004884,1236.087
3004885,0.0
3004886,231.98636
3004887,3.6050596
3004888,606.89154
3004889,263.87326
3004890,152.60242
3004891,102.54562
3004892,45.661892
3004893,1984.8727
3004894,6.4366384
3004895,0.44441316
3004896,16.669992
3004897,14.232704
3004898,0.14947256
3004899,152.64386
3004900,2.563004
3004901,1.1847497
3004902,4.338399
3004903,31.972706
3004904,1.0230856
3004905,53.078865
3004906,154.02385
3004907,0.888451
3004908,3.799365
3004909,82.20505
3004910,48.67219
3004911,600.7836
3004912,2.2558243
3004913,2.7313504
3004914,2.3222322
3004915,0.120620325
3004916,0.6398968
3004917,532.068
3004918,0.0
3004919,56.583015
3004920,3.822513
3004921,260.36942
3004922,126.50444
3004923,68.867805
3004924,22.109114
3004925,31.32116
3004926,975.4343
3004927,2.4495986
3004928,0.43475792
3004929,16.884645
3004930,7.999148
3004931,0.14802459
3004932,65.9189
3004933,0.21303707
3004934,0.008837587
3004935,3.0226936
3004936,13.606613
3004937,1.1859002
3004938,44.524048
3004939,67.09724
3004940,0.41355038
3004941,2.3609898
3004942,51.802105
3004943,18.975714
3004944,165.72876
3004945,0.23030484
3004946,0.89786416
3004947,2.316351
3004948,0.00018929224
3004949,1.5734093
3004950,1214.1451
3004951,0.0555202
3004952,274.19202
3004953,9.303571
3004954,572.02563
3004955,477.56116
3004956,133.46788
3004957,54.866615
3004958,103.32457
3004959,1998.0276
3004960,24.621302
3004961,0.13847469
3004962,7.1666446
3004963,9.346949
3004964,0.21013159
3004965,92.31428
3004966,7.249023
3004967,0.9610509
3004968,4.443604
3004969,55.31713
3004970,2.2664278
3004971,630.0825
3004972,141.61154
3004973,1.8557332
3004974,2.6540618
3004975,307.5028
3004976,49.8709
3004977,841.0699
3004978,0.1811519
3004979,15.379421
3004980,3.2445855
3004981,0.04499358
3004982,5.0247445
3004983,2889.258
3004984,0.14118607
3004985,700.71136
3004986,11.417514
3004987,1101.3392
3004988,1101.4552
3004989,252.97348
3004990,201.88467
3004991,214.61935
3004992,3792.4067
3004993,25.907085
3004994,1.1744863
3004995,16.367369
3004996,30.266882
3004997,0.36884812
3004998,183.12332
3004999,9.020154
3005000,13.899688
3005001,9.036586
3005002,100.66432
3005003,6.8900127
3005004,385.04828
3005005,264.58688
3005006,9.469526
3005007,7.6589985
3005008,498.42447
3005009,128.22452
3005010,2403.699
3005011,0.5957483
3005012,34.914986
3005013,2.1026201
3005014,0.018756548
3005015,2.3872237
3005016,1765.1254
3005017,0.081120916
3005018,285.82446
3005019,4.7071853
3005020,458.76187
3005021,475.4265
3005022,124.75054
3005023,104.77953
3005024,175.80711
3005025,1677.8624
3005026,11.5769
3005027,0.89787054
3005028,19.358137
3005029,11.933884
3005030,0.14464483
3005031,70.52018
3005032,0.0029948056
3005033,10.455338
3005034,7.728587
3005035,174.83125
3005036,3.4800792
3005037,197.69357
3005038,106.14222
3005039,2.1951375
3005040,3.4279532
3005041,158.73605
3005042,50.49503
3005043,919.9958
3005044,0.35416597
3005045,5.3724895
3005046,3.5369084
3005047,0.063825555
3005048,0.9272771
3005049,818.4503
3005050,0.009295256
3005051,223.22792
3005052,4.7192416
3005053,434.03082
3005054,243.22922
3005055,89.785645
3005056,40.639534
3005057,80.90772
3005058,1616.6172
3005059,4.239624
3005060,0.8020662
3005061,8.120609
3005062,5.6119933
3005063,0.21410002
3005064,59.803165
3005065,1.1946478
3005066,1.6571841
3005067,3.5154712
3005068,33.370796
3005069,0.2380701
3005070,279.96936
3005071,159.08084
3005072,0.9358193
3005073,1.2508256
3005074,161.95432
3005075,17.602262
3005076,356.57962
3005077,0.58024275
3005078,3.420556
3005079,4.969074
3005080,0.053951893
3005081,3.6291237
3005082,2496.7769
3005083,0.060301393
3005084,613.9203
3005085,10.5910635
3005086,802.58545
3005087,821.6319
3005088,254.31822
3005089,212.11569
3005090,166.97612
3005091,3260.9246
3005092,21.636108
3005093,1.7983574
3005094,12.746267
3005095,15.225712
3005096,0.33227742
3005097,143.4413
3005098,4.765669
3005099,13.7986965
3005100,5.7837386
3005101,160.45575
3005102,2.3663127
3005103,273.23135
3005104,208.56354
3005105,5.5277715
3005106,5.881424
3005107,390.38434
3005108,90.41903
3005109,1752.5383
3005110,0.641285
3005111,23.94246
3005112,7.193767
3005113,0.027290156
3005114,1.9969984
3005115,2342.5615
3005116,0.0
3005117,574.27325
3005118,7.992537
3005119,1042.0706
3005120,669.07635
3005121,347.37878
3005122,244.82047
3005123,97.807915
3005124,3782.5789
3005125,7.2123165
3005126,1.2725722
3005127,23.990442
3005128,11.503106
3005129,0.5347782
3005130,179.68091
3005131,0.0
3005132,1.9119058
3005133,7.5365853
3005134,119.21229
3005135,0.6922055
3005136,201.69542
3005137,305.9798
3005138,2.6981306
3005139,3.3735776
3005140,235.73512
3005141,65.795074
3005142,1003.69653
3005143,3.9499571
3005144,6.377051
3005145,3.4996445
3005146,0.23766847
3005147,1.6463418
3005148,1372.9011
3005149,0.0
3005150,324.0151
3005151,5.185459
3005152,522.9931
3005153,376.27887
3005154,155.24712
3005155,104.98124
3005156,54.252274
3005157,1936.1522
3005158,5.7390113
3005159,0.60982955
3005160,13.480133
3005161,9.829614
3005162,0.15569499
3005163,122.983864
3005164,0.0
3005165,1.0736957
3005166,2.6623232
3005167,65.924835
3005168,0.7189919
3005169,70.40844
3005170,150.85942
3005171,2.2659063
3005172,2.7824748
3005173,111.46479
3005174,37.952366
3005175,628.95404
3005176,2.164697
3005177,3.7898471
3005178,9.508729
3005179,0.42301807
3005180,9.797933
3005181,6974.038
3005182,0.33715346
3005183,1173.1228
3005184,30.645063
3005185,2082.0542
3005186,2098.9443
3005187,397.9305
3005188,524.70685
3005189,460.2543
3005190,7852.0474
3005191,78.002975
3005192,3.0546322
3005193,46.665813
3005194,37.21987
3005195,1.944213
3005196,346.16562
3005197,32.960075
3005198,25.05746
3005199,26.847658
3005200,223.83653
3005201,12.74218
3005202,818.98425
3005203,513.20605
3005204,12.437466
3005205,18.782581
3005206,1178.692
3005207,369.55038
3005208,5433.8267
3005209,0.7992897
3005210,106.394745
3005211,3.1601357
3005212,0.068187304
3005213,0.62781465
3005214,963.779
3005215,0.0
3005216,154.64952
3005217,2.5763905
3005218,485.5943
3005219,230.70259
3005220,106.94297
3005221,123.90592
3005222,61.24017
3005223,1578.4469
3005224,3.4206922
3005225,0.92919815
3005226,9.783314
3005227,4.9515376
3005228,0.29763174
3005229,80.514
3005230,0.41584477
3005231,0.0039446503
3005232,4.102274
3005233,54.89791
3005234,0.36917728
3005235,57.890564
3005236,104.40304
3005237,0.8920961
3005238,2.538611
3005239,101.06429
3005240,23.125177
3005241,330.48416
3005242,0.83896077
3005243,3.4021368
3005244,7.716572
3005245,0.5754212
3005246,2.6396358
3005247,1878.1127
3005248,0.0
3005249,473.22687
3005250,5.6565447
3005251,1270.5475
3005252,613.80225
3005253,252.78394
3005254,247.29405
3005255,113.14462
3005256,4005.4294
3005257,9.499996
3005258,0.73343015
3005259,15.02799
3005260,13.407307
3005261,0.37642434
3005262,199.03178
3005263,1.5490998
3005264,1.1680067
3005265,12.52027
3005266,30.82383
3005267,0.6692458
3005268,311.79285
3005269,299.3198
3005270,1.5575708
3005271,4.948295
3005272,142.84372
3005273,74.39945
3005274,859.18915
3005275,2.7849872
3005276,5.091195
3005277,1.8252637
3005278,0.04557703
3005279,0.23453976
3005280,623.1119
3005281,0.00021735206
3005282,100.32213
3005283,2.4092631
3005284,452.26187
3005285,149.73407
3005286,98.35984
3005287,140.85161
3005288,29.588867
3005289,1487.1515
3005290,1.7306309
3005291,0.4706189
3005292,7.599944
3005293,2.501631
3005294,0.16684978
3005295,64.68771
3005296,0.0
3005297,0.0054440373
3005298,2.2249851
3005299,72.3975
3005300,0.10617124
3005301,58.81587
3005302,98.43979
3005303,0.13285671
3005304,0.84944576
3005305,63.49807
3005306,11.248305
3005307,125.17988
3005308,0.890576
3005309,1.2288038
3005310,7.944448
3005311,0.15786272
3005312,1.0948167
3005313,1407.0092
3005314,0.00018585101
3005315,279.1702
3005316,5.3540635
3005317,1077.1404
3005318,402.44373
3005319,201.85132
3005320,175.05841
3005321,78.892815
3005322,3110.0627
3005323,3.0006614
3005324,0.7001516
3005325,31.742285
3005326,12.289806
3005327,0.174865
3005328,155.019
3005329,0.00011723302
3005330,0.033442467
3005331,12.7843275
3005332,66.31117
3005333,0.950724
3005334,255.90851
3005335,241.82095
3005336,0.7094802
3005337,3.2639415
3005338,219.25446
3005339,37.45887
3005340,850.8007
3005341,1.1482897
3005342,1.564309
3005343,3.3820543
3005344,0.1937595
3005345,2.8424873
3005346,2322.9978
3005347,0.0
3005348,684.3907
3005349,7.4424005
3005350,918.8213
3005351,596.6227
3005352,252.96347
3005353,118.28364
3005354,133.50493
3005355,3850.9883
3005356,5.575791
3005357,1.8262688
3005358,26.29222
3005359,23.947313
3005360,0.67662615
3005361,161.72351
3005362,3.721718
3005363,2.1085324
3005364,9.93759
3005365,52.61443
3005366,1.1228062
3005367,183.68176
3005368,320.1724
3005369,1.6817546
3005370,3.9893484
3005371,141.67696
3005372,34.65721
3005373,498.69373
3005374,5.0547657
3005375,3.1041543
3005376,4.437912
3005377,0.05702118
3005378,0.26892072
3005379,1151.041
3005380,0.0
3005381,92.648346
3005382,1.6676346
3005383,478.9493
3005384,163.93819
3005385,83.24623
3005386,176.48218
3005387,54.50453
3005388,1772.3105
3005389,2.9250295
3005390,0.61084926
3005391,7.638526
3005392,6.2131004
3005393,0.20502031
3005394,69.18259
3005395,0.0
3005396,0.05462681
3005397,1.4918723
3005398,43.86535
3005399,0.29130077
3005400,165.52425
3005401,87.88254
3005402,0.28398222
3005403,0.7416729
3005404,58.318478
3005405,17.527317
3005406,231.21922
3005407,0.8070503
3005408,0.505155
3005409,3.946493
3005410,0.040095147
3005411,1.4516289
3005412,2082.7126
3005413,0.0
3005414,489.99457
3005415,5.098587
3005416,874.4553
3005417,528.4686
3005418,210.85672
3005419,117.09666
3005420,104.15346
3005421,3427.8323
3005422,6.275362
3005423,0.5157303
3005424,21.742321
3005425,11.466029
3005426,0.2001944
3005427,150.33722
3005428,0.06300449
3005429,8.409161
3005430,3.200115
3005431,129.86963
3005432,0.6125857
3005433,203.23312
3005434,238.14804
3005435,1.164708
3005436,3.2572334
3005437,121.542435
3005438,53.005333
3005439,928.19904
3005440,5.0839257
3005441,0.9940068
3005442,4.0251675
3005443,0.02255001
3005444,4.3483295
3005445,2169.8005
3005446,0.15400802
3005447,557.6633
3005448,8.084185
3005449,1053.6696
3005450,912.69666
3005451,148.53647
3005452,154.53537
3005453,197.2158
3005454,3679.438
3005455,46.56232
3005456,1.9227043
3005457,22.669777
3005458,16.030615
3005459,0.33967206
3005460,167.33508
3005461,17.308287
3005462,13.018201
3005463,5.894847
3005464,109.089714
3005465,4.9980516
3005466,249.83974
3005467,257.0014
3005468,6.7397547
3005469,6.6911693
3005470,254.31433
3005471,131.531
3005472,1945.666
3005473,0.31101164
3005474,20.142477
3005475,6.633703
3005476,0.01527494
3005477,5.1919317
3005478,1893.412
3005479,0.10169848
3005480,540.87427
3005481,9.94315
3005482,1074.2224
3005483,841.8626
3005484,169.86502
3005485,119.75133
3005486,209.5347
3005487,3818.342
3005488,26.858088
3005489,1.7488368
3005490,24.201843
3005491,18.55579
3005492,0.14968209
3005493,217.30565
3005494,18.690762
3005495,8.873391
3005496,13.167778
3005497,79.17007
3005498,5.2381544
3005499,185.42982
3005500,365.19394
3005501,4.1299815
3005502,6.2692037
3005503,162.67786
3005504,120.6278
3005505,1527.5555
3005506,0.31950468
3005507,19.696959
3005508,8.942385
3005509,0.2781291
3005510,3.9299464
3005511,2369.6636
3005512,0.0024181716
3005513,718.00385
3005514,7.159186
3005515,1307.8813
3005516,537.184
3005517,190.10777
3005518,404.90805
3005519,93.44943
3005520,4326.7856
3005521,28.914936
3005522,1.824184
3005523,24.063133
3005524,14.426085
3005525,0.43136528
3005526,215.54619
3005527,4.9382777
3005528,8.044906
3005529,6.792827
3005530,65.64077
3005531,2.0156302
3005532,237.81267
3005533,312.21356
3005534,2.848572
3005535,5.7637186
3005536,213.85059
3005537,77.58559
3005538,1125.7228
3005539,1.9341469
3005540,10.945408
3005541,4.0162416
3005542,0.010212779
3005543,4.152607
3005544,2252.4983
3005545,0.16730943
3005546,413.44193
3005547,6.8496933
3005548,888.69684
3005549,814.12476
3005550,218.56323
3005551,172.79012
3005552,154.27597
3005553,3398.1045
3005554,20.261879
3005555,1.1426724
3005556,14.79945
3005557,9.493001
3005558,0.40492877
3005559,164.59436
3005560,16.203445
3005561,9.571476
3005562,4.144014
3005563,84.38601
3005564,3.6563206
3005565,369.07596
3005566,230.71696
3005567,4.531985
3005568,5.787429
3005569,463.22626
3005570,100.447975
3005571,1671.2421
3005572,0.2240524
3005573,32.911114
3005574,3.9944568
3005575,0.31822544
3005576,1.1994022
3005577,2409.9062
3005578,0.0
3005579,373.46594
3005580,5.8597875
3005581,1422.9725
3005582,489.7728
3005583,257.87735
3005584,145.684
3005585,73.937836
3005586,4447.024
3005587,8.960338
3005588,1.0465316
3005589,22.652792
3005590,16.73828
3005591,0.22882347
3005592,225.36755
3005593,0.0
3005594,0.15094346
3005595,8.362549
3005596,72.14476
3005597,0.9645953
3005598,115.969475
3005599,291.9583
3005600,1.1935705
3005601,4.3864684
3005602,155.97397
3005603,50.832054
3005604,712.54926
3005605,2.1909761
3005606,3.2038474
3005607,4.9323664
3005608,0.029144648
3005609,4.4869227
3005610,1586.7739
3005611,0.03237024
3005612,430.50833
3005613,7.7038674
3005614,886.86847
3005615,577.68933
3005616,199.00874
3005617,119.45771
3005618,186.04695
3005619,2990.1677
3005620,23.089338
3005621,0.798188
3005622,17.844072
3005623,20.649921
3005624,0.29631257
3005625,152.11018
3005626,8.492378
3005627,9.952581
3005628,8.478574
3005629,72.477196
3005630,5.8110423
3005631,174.5853
3005632,268.27322
3005633,4.7961993
3005634,4.8841996
3005635,163.4295
3005636,60.06314
3005637,1226.5426
3005638,0.5860073
3005639,7.930181
3005640,1.7650089
3005641,0.015820064
3005642,2.4952073
3005643,1178.6285
3005644,0.18880928
3005645,239.8843
3005646,5.4941125
3005647,383.09714
3005648,391.75735
3005649,72.25879
3005650,59.35823
3005651,73.99044
3005652,1469.6418
3005653,12.917825
3005654,0.50800574
3005655,9.584338
3005656,12.565202
3005657,0.11764246
3005658,99.59725
3005659,8.592134
3005660,11.712719
3005661,2.0758092
3005662,36.303715
3005663,3.9376063
3005664,97.20055
3005665,107.4687
3005666,3.237908
3005667,3.8928792
3005668,108.00104
3005669,36.764183
3005670,1184.2408
3005671,0.25690693
3005672,8.658819
3005673,6.164289
3005674,0.048394248
3005675,1.1684979
3005676,3086.395
3005677,0.0
3005678,310.0217
3005679,5.7000775
3005680,1031.705
3005681,370.6618
3005682,241.87218
3005683,145.73302
3005684,53.053226
3005685,3384.6223
3005686,4.24088
3005687,1.1812254
3005688,15.610772
3005689,10.446129
3005690,0.13461447
3005691,146.01846
3005692,0.0014979672
3005693,1.0011765
3005694,3.3441515
3005695,90.05301
3005696,1.2236725
3005697,149.25749
3005698,225.33984
3005699,0.6899371
3005700,2.8788676
3005701,175.37396
3005702,61.31753
3005703,517.2481
3005704,1.8664482
3005705,0.7455641
3005706,18.938005
3005707,0.0
3005708,11.9727125
3005709,8223.556
3005710,0.32557854
3005711,1410.442
3005712,23.817791
3005713,2566.1694
3005714,2612.4639
3005715,599.83405
3005716,649.96783
3005717,623.3871
3005718,9873.469
3005719,81.65127
3005720,4.1938972
3005721,85.742645
3005722,64.15636
3005723,1.9484804
3005724,426.92596
3005725,21.281883
3005726,13.122976
3005727,18.832052
3005728,334.19247
3005729,11.937359
3005730,973.7052
3005731,565.6459
3005732,21.542236
3005733,28.088045
3005734,1289.6764
3005735,471.0698
3005736,6775.936
3005737,15.198379
3005738,122.947495
3005739,15.92685
3005740,0.0
3005741,10.073089
3005742,7003.7163
3005743,0.36623704
3005744,1162.8545
3005745,24.690811
3005746,2526.977
3005747,2178.6326
3005748,650.7243
3005749,412.95697
3005750,537.343
3005751,9878.962
3005752,84.09684
3005753,1.0853772
3005754,50.298336
3005755,54.67862
3005756,1.3374189
3005757,436.67038
3005758,17.206533
3005759,18.244507
3005760,4.9572887
3005761,213.33994
3005762,9.151153
3005763,1200.4948
3005764,647.2412
3005765,14.357536
3005766,20.087847
3005767,1319.5974
3005768,329.06268
3005769,4376.703
3005770,13.195352
3005771,97.40383
3005772,15.320382
3005773,3.203965e-05
3005774,11.914062
3005775,4838.5815
3005776,0.12120245
3005777,795.0042
3005778,15.285801
3005779,2310.9106
3005780,1476.8007
3005781,818.1926
3005782,177.16895
3005783,403.44305
3005784,8655.925
3005785,42.94626
3005786,1.4863079
3005787,28.894875
3005788,36.220806
3005789,1.3408446
3005790,452.03168
3005791,21.809599
3005792,10.761232
3005793,6.9233828
3005794,123.01785
3005795,4.739192
3005796,1162.687
3005797,755.4242
3005798,13.89536
3005799,16.719961
3005800,1027.9756
3005801,175.51636
3005802,2004.5667
3005803,11.381942
3005804,50.461857
3005805,16.049788
3005806,0.0
3005807,12.370766
3005808,6632.973
3005809,0.37146214
3005810,1123.6342
3005811,18.157352
3005812,2338.8281
3005813,2045.7594
3005814,646.8895
3005815,355.84784
3005816,437.35168
3005817,9366.655
3005818,65.82916
3005819,1.8141605
3005820,42.530403
3005821,47.05458
3005822,1.8379066
3005823,446.35403
3005824,20.119436
3005825,16.371347
3005826,4.9948792
3005827,169.3599
3005828,7.7466516
3005829,901.6711
3005830,716.9945
3005831,14.333236
3005832,19.270508
3005833,1183.5618
3005834,287.5399
3005835,4054.5374
3005836,9.273766
3005837,86.004616
3005838,13.885226
3005839,0.00033443235
3005840,10.654296
3005841,3901.4365
3005842,0.03574994
3005843,716.7784
3005844,15.358426
3005845,2160.2954
3005846,1242.3384
3005847,659.2053
3005848,142.39369
3005849,314.82617
3005850,7743.8315
3005851,44.235764
3005852,0.89248824
3005853,34.973682
3005854,25.83863
3005855,0.85847175
3005856,417.30884
3005857,17.586145
3005858,6.3822
3005859,4.9869194
3005860,105.47305
3005861,3.1672916
3005862,982.7726
3005863,721.0396
3005864,10.151706
3005865,14.521469
3005866,910.8462
3005867,131.55235
3005868,1469.1078
3005869,13.54994
3005870,30.136368
3005871,10.6619215
3005872,0.0033703558
3005873,8.012726
3005874,5700.425
3005875,0.29241398
3005876,1062.5646
3005877,22.238167
3005878,1722.1572
3005879,1970.4124
3005880,376.11404
3005881,439.46384
3005882,448.18518
3005883,6805.6978
3005884,65.73985
3005885,1.7289225
3005886,42.39591
3005887,27.489563
3005888,1.0205332
3005889,304.48068
3005890,11.465055
3005891,17.216393
3005892,9.024097
3005893,224.02592
3005894,8.840833
3005895,744.13153
3005896,406.05035
3005897,10.98871
3005898,21.586687
3005899,916.9391
3005900,302.68567
3005901,5066.5054
3005902,7.4262114
3005903,87.18227
3005904,5.503832
3005905,0.13061355
3005906,5.1557236
3005907,1560.3362
3005908,0.14562616
3005909,386.2582
3005910,16.515997
3005911,986.0229
3005912,532.5971
3005913,247.25018
3005914,111.45089
3005915,164.18074
3005916,3146.3728
3005917,20.118082
3005918,1.015507
3005919,19.038727
3005920,24.11006
3005921,0.5762454
3005922,152.2347
3005923,9.401893
3005924,2.969593
3005925,17.974304
3005926,66.172066
3005927,4.1037183
3005928,281.59833
3005929,270.5701
3005930,2.0121362
3005931,5.0669174
3005932,255.03854
3005933,88.56232
3005934,1044.5953
3005935,0.5219799
3005936,13.2647705
3005937,11.670821
3005938,0.0
3005939,7.773022
3005940,3339.0676
3005941,0.1800403
3005942,584.9734
3005943,23.410128
3005944,1607.2847
3005945,1037.6398
3005946,463.4666
3005947,114.06922
3005948,270.87006
3005949,6070.36
3005950,46.9522
3005951,1.5036702
3005952,51.914547
3005953,47.93664
3005954,0.6409012
3005955,286.38483
3005956,14.097803
3005957,5.2898765
3005958,5.962269
3005959,114.57843
3005960,4.900072
3005961,600.72876
3005962,497.63135
3005963,5.952585
3005964,15.160824
3005965,448.74203
3005966,120.54906
3005967,1541.4
3005968,8.916613
3005969,23.53079
3005970,6.9669366
3005971,0.0002939161
3005972,4.8914948
3005973,4208.473
3005974,0.16355513
3005975,870.965
3005976,10.280821
3005977,1459.8599
3005978,1504.9602
3005979,258.12286
3005980,334.6417
3005981,337.7541
3005982,4952.907
3005983,32.077435
3005984,1.418238
3005985,22.213663
3005986,21.09586
3005987,1.1098311
3005988,214.43759
3005989,2.7401328
3005990,17.814432
3005991,6.5281415
3005992,162.5994
3005993,6.150444
3005994,634.91724
3005995,289.49185
3005996,11.704247
3005997,7.565248
3005998,876.28406
3005999,167.8778
3006000,3580.1213
3006001,6.52698
3006002,65.2539
3006003,0.8659139
3006004,0.0
3006005,0.53751683
3006006,302.1681
3006007,0.0037659258
3006008,53.921223
3006009,0.7523427
3006010,116.047035
3006011,80.0774
3006012,25.43146
3006013,14.228432
3006014,22.422205
3006015,412.57123
3006016,3.2598233
3006017,0.22330186
3006018,3.9041548
3006019,3.5920475
3006020,0.07324504
3006021,25.472757
3006022,0.7164759
3006023,4.1552196
3006024,0.53763825
3006025,13.444463
3006026,0.70136696
3006027,33.55849
3006028,26.341875
3006029,0.9663689
3006030,1.9096966
3006031,32.476
3006032,9.218126
3006033,336.47113
3006034,1.341239
3006035,0.7036909
3006036,5.01008
3006037,0.01528746
3006038,3.6001074
3006039,1322.4518
3006040,0.049738124
3006041,333.15692
3006042,5.578097
3006043,680.6752
3006044,364.39197
3006045,156.06763
3006046,68.846306
3006047,120.39878
3006048,2034.3724
3006049,11.0286255
3006050,0.96880877
3006051,14.926245
3006052,14.402883
3006053,0.09426982
3006054,123.99784
3006055,2.7763803
3006056,3.813956
3006057,5.0565267
3006058,72.967545
3006059,2.1806092
3006060,178.7888
3006061,188.24031
3006062,2.192427
3006063,3.706535
3006064,146.83942
3006065,53.381615
3006066,1181.5631
3006067,0.8029092
3006068,4.1573777
3006069,5.8089805
3006070,0.19111979
3006071,0.6000693
3006072,1324.2657
3006073,0.0
3006074,221.74942
3006075,3.1133144
3006076,1056.799
3006077,189.77554
3006078,189.07051
3006079,73.34995
3006080,35.54204
3006081,2683.5586
3006082,8.034267
3006083,0.7028725
3006084,16.00745
3006085,9.346703
3006086,0.17561242
3006087,142.22704
3006088,0.0037675872
3006089,0.0009473134
3006090,4.3167706
3006091,23.480637
3006092,0.47465903
3006093,52.371365
3006094,184.42844
3006095,0.11030411
3006096,2.1125221
3006097,54.301926
3006098,62.789173
3006099,376.13327
3006100,0.64789295
3006101,1.697009
3006102,5.419671
3006103,0.0073214327
3006104,5.797356
3006105,3122.2698
3006106,0.046590235
3006107,555.9255
3006108,10.006812
3006109,1243.2152
3006110,987.3217
3006111,347.19876
3006112,204.49493
3006113,230.44145
3006114,4705.421
3006115,34.99336
3006116,0.94722664
3006117,18.472116
3006118,31.15857
3006119,0.40053457
3006120,216.07278
3006121,20.637403
3006122,7.8666577
3006123,7.9150066
3006124,94.3735
3006125,3.867461
3006126,497.66483
3006127,327.0719
3006128,6.2655396
3006129,8.238332
3006130,649.37616
3006131,140.47543
3006132,1836.4395
3006133,0.28755358
3006134,43.523655
3006135,4.3429704
3006136,0.030333243
3006137,3.6752312
3006138,3436.3262
3006139,0.12980211
3006140,656.6775
3006141,12.027027
3006142,1061.4425
3006143,1264.6232
3006144,170.34354
3006145,286.7581
3006146,265.16544
3006147,3782.9395
3006148,40.219727
3006149,2.1069984
3006150,15.246285
3006151,14.590593
3006152,0.7784621
3006153,160.69531
3006154,7.7083335
3006155,19.524149
3006156,8.839877
3006157,162.41946
3006158,7.003004
3006159,522.9716
3006160,218.66002
3006161,4.072205
3006162,7.3182263
3006163,631.75745
3006164,183.23384
3006165,3516.915
3006166,0.33767208
3006167,57.831318
3006168,5.3297954
3006169,0.08382307
3006170,7.4122314
3006171,3886.701
3006172,0.20197192
3006173,768.1353
3006174,15.870389
3006175,1265.912
3006176,1449.4204
3006177,281.2603
3006178,327.89835
3006179,245.35739
3006180,4779.918
3006181,41.274338
3006182,2.4348125
3006183,31.580143
3006184,27.411123
3006185,1.1869519
3006186,248.43112
3006187,26.651161
3006188,17.40283
3006189,22.036594
3006190,149.68892
3006191,8.686432
3006192,516.1901
3006193,334.09723
3006194,10.761246
3006195,12.023755
3006196,624.7666
3006197,210.68901
3006198,3272.346
3006199,0.44019568
3006200,55.584507
3006201,14.0877495
3006202,0.21250454
3006203,5.538922
3006204,2842.4646
3006205,0.0
3006206,565.1718
3006207,10.267755
3006208,1740.5092
3006209,775.0945
3006210,595.1485
3006211,197.6438
3006212,129.72282
3006213,6244.857
3006214,11.510715
3006215,1.8839434
3006216,35.39918
3006217,20.634314
3006218,0.3920682
3006219,307.3877
3006220,10.120795
3006221,4.3951955
3006222,8.876397
3006223,52.46856
3006224,1.7321192
3006225,377.82983
3006226,450.18112
3006227,3.5847683
3006228,7.310033
3006229,491.91278
3006230,90.268234
3006231,1030.5032
3006232,5.2472134
3006233,16.584364
3006234,3.3460288
3006235,0.0
3006236,2.4458528
3006237,1632.2825
3006238,0.13248844
3006239,343.3497
3006240,10.642918
3006241,642.40314
3006242,642.26373
3006243,124.05654
3006244,139.9601
3006245,132.1063
3006246,2254.7458
3006247,21.73386
3006248,1.5968423
3006249,15.740518
3006250,13.767753
3006251,0.355541
3006252,107.696594
3006253,9.990877
3006254,9.248486
3006255,6.490721
3006256,102.704475
3006257,3.3839567
3006258,315.0747
3006259,131.67418
3006260,3.679075
3006261,5.665099
3006262,293.853
3006263,82.462395
3006264,1543.2228
3006265,0.1871737
3006266,26.00683
3006267,3.1002123
3006268,0.29356384
3006269,1.3705397
3006270,924.32117
3006271,0.0
3006272,113.45604
3006273,2.8075426
3006274,778.999
3006275,262.6146
3006276,253.13748
3006277,50.380634
3006278,45.520287
3006279,2474.1611
3006280,3.6453965
3006281,0.68969345
3006282,7.881757
3006283,5.783452
3006284,0.1860607
3006285,127.9391
3006286,3.4978426
3006287,0.016502107
3006288,3.169576
3006289,12.29257
3006290,0.26375648
3006291,184.80072
3006292,180.05727
3006293,0.34843382
3006294,2.4660997
3006295,180.19066
3006296,21.365997
3006297,158.3934
3006298,0.52583796
3006299,2.8061216
3006300,6.753722
3006301,0.2055472
3006302,4.8418717
3006303,3730.9182
3006304,0.0030997768
3006305,608.7732
3006306,10.882862
3006307,1960.3087
3006308,535.4921
3006309,439.9334
3006310,163.21791
3006311,105.97281
3006312,6669.9805
3006313,18.012825
3006314,0.72258157
3006315,25.120338
3006316,14.845806
3006317,0.40556598
3006318,351.63962
3006319,8.429928
3006320,1.6156588
3006321,10.981828
3006322,45.03057
3006323,1.5457339
3006324,620.74756
3006325,395.81607
3006326,1.074643
3006327,8.22102
3006328,521.67224
3006329,56.48747
3006330,835.85895
3006331,4.1000576
3006332,8.409233
3006333,4.811306
3006334,0.118201226
3006335,0.9499778
3006336,1334.5652
3006337,0.00021129102
3006338,182.76772
3006339,6.540277
3006340,776.87933
3006341,349.73904
3006342,200.40823
3006343,78.02557
3006344,49.586605
3006345,2523.6702
3006346,6.3594537
3006347,0.98205465
3006348,10.958473
3006349,8.877723
3006350,0.23106042
3006351,120.322754
3006352,1.3481544
3006353,0.01111452
3006354,6.3567915
3006355,39.160122
3006356,0.7839089
3006357,146.29723
3006358,157.96947
3006359,0.54425335
3006360,3.1211364
3006361,186.73955
3006362,34.16078
3006363,215.36893
3006364,0.5590717
3006365,2.6817017
3006366,5.630448
3006367,0.0036508068
3006368,1.2740213
3006369,1330.2112
3006370,0.0
3006371,161.16753
3006372,4.3218894
3006373,791.4939
3006374,281.7109
3006375,161.91574
3006376,54.400566
3006377,34.535995
3006378,2772.5876
3006379,7.4022655
3006380,0.53411156
3006381,11.291658
3006382,8.596417
3006383,0.1550909
3006384,114.197365
3006385,2.942813
3006386,0.013785507
3006387,2.8708673
3006388,33.250713
3006389,0.47897825
3006390,153.2865
3006391,183.57056
3006392,0.2537454
3006393,2.5118463
3006394,122.60665
3006395,28.357985
3006396,126.019264
3006397,0.39808127
3006398,1.8959394
3006399,3.694868
3006400,0.006920361
3006401,1.1471834
3006402,993.2946
3006403,0.0
3006404,189.93195
3006405,4.939022
3006406,1096.0121
3006407,367.59927
3006408,227.02716
3006409,37.79672
3006410,63.809387
3006411,2666.4014
3006412,6.0466757
3006413,0.35171115
3006414,12.964237
3006415,13.225562
3006416,0.1939
3006417,164.2945
3006418,1.044044
3006419,0.0
3006420,4.6018724
3006421,25.302525
3006422,0.82042146
3006423,292.7138
3006424,277.91513
3006425,0.46970654
3006426,3.1391106
3006427,97.46807
3006428,62.285904
3006429,243.33592
3006430,0.33607933
3006431,3.9483383
3006432,2.6803133
3006433,0.9903081
3006434,1.8746428
3006435,1276.9714
3006436,0.0
3006437,152.66614
3006438,3.2461817
3006439,880.6922
3006440,316.15262
3006441,278.0005
3006442,81.29072
3006443,67.151535
3006444,2755.962
3006445,9.608027
3006446,0.9134886
3006447,32.189457
3006448,11.1049595
3006449,0.110336825
3006450,156.33388
3006451,6.05296
3006452,0.010182369
3006453,4.899611
3006454,24.73221
3006455,0.7805668
3006456,126.74308
3006457,183.8179
3006458,0.42933804
3006459,2.8366911
3006460,130.47147
3006461,31.498196
3006462,415.47577
3006463,0.43251342
3006464,5.148606
3006465,5.808914
3006466,0.09774236
3006467,0.854188
3006468,1127.5488
3006469,0.0011433959
3006470,202.88994
3006471,3.8330455
3006472,1006.9925
3006473,255.58641
3006474,216.35439
3006475,184.47917
3006476,42.84355
3006477,2571.3743
3006478,5.755793
3006479,0.59363
3006480,13.441395
3006481,8.200272
3006482,0.12669256
3006483,143.401
3006484,0.00021934602
3006485,0.017681899
3006486,3.7852764
3006487,36.140182
3006488,0.60087353
3006489,75.73218
3006490,197.61215
3006491,0.2705415
3006492,2.0736883
3006493,95.51817
3006494,42.03677
3006495,395.2566
3006496,1.4731323
3006497,2.6020296
3006498,6.224688
3006499,0.15601104
3006500,1.8729979
3006501,2494.092
3006502,0.0035640337
3006503,255.41345
3006504,5.0213037
3006505,1080.3337
3006506,568.7327
3006507,435.584
3006508,187.87474
3006509,99.74959
3006510,3913.1086
3006511,8.305056
3006512,0.73878783
3006513,18.004896
3006514,16.777452
3006515,0.18211468
3006516,203.00806
3006517,2.0679352
3006518,0.1373998
3006519,5.51691
3006520,39.686565
3006521,1.3138741
3006522,255.22041
3006523,233.70926
3006524,1.0719537
3006525,5.4472017
3006526,308.8711
3006527,66.90793
3006528,797.15295
3006529,0.50673306
3006530,11.2791815
3006531,3.7982368
3006532,0.10482135
3006533,2.0021937
3006534,1702.516
3006535,0.0
3006536,654.96265
3006537,4.8555965
3006538,603.8023
3006539,487.65717
3006540,208.87503
3006541,163.83109
3006542,58.258385
3006543,2490.082
3006544,16.938358
3006545,0.97224945
3006546,15.215443
3006547,8.825107
3006548,0.16567202
3006549,115.89283
3006550,6.666926
3006551,1.4768385
3006552,4.1703753
3006553,57.673584
3006554,1.2016279
3006555,98.0515
3006556,151.7622
3006557,1.9589127
3006558,4.5536556
3006559,201.1332
3006560,50.65917
3006561,924.297
3006562,1.721146
3006563,8.9944105
3006564,6.7466908
3006565,0.123456076
3006566,1.6352099
3006567,2029.7742
3006568,0.0
3006569,180.0086
3006570,5.6055117
3006571,942.7479
3006572,304.3179
3006573,283.00116
3006574,67.38136
3006575,64.34536
3006576,3079.4993
3006577,9.994755
3006578,1.3046722
3006579,15.297005
3006580,9.0166445
3006581,0.16672504
3006582,133.31966
3006583,5.6345086
3006584,0.019362146
3006585,4.6349115
3006586,34.198517
3006587,1.0652803
3006588,142.72748
3006589,191.14192
3006590,0.59379375
3006591,3.1315544
3006592,127.27458
3006593,34.057068
3006594,282.99225
3006595,0.5096614
3006596,4.231086
3006597,5.522199
3006598,0.054896396
3006599,4.758052
3006600,2551.6594
3006601,0.15280494
3006602,563.9097
3006603,8.480067
3006604,972.46265
3006605,882.2396
3006606,248.57605
3006607,187.87108
3006608,166.39888
3006609,4012.5388
3006610,31.915028
3006611,1.1880817
3006612,18.804163
3006613,15.260089
3006614,0.50207645
3006615,190.88
3006616,18.722555
3006617,8.261503
3006618,8.784298
3006619,88.21935
3006620,3.982195
3006621,506.92474
3006622,270.4586
3006623,5.799233
3006624,6.051155
3006625,503.17078
3006626,127.13531
3006627,1762.6533
3006628,0.4860227
3006629,32.649857
3006630,4.7678084
3006631,0.33254954
3006632,3.0144682
3006633,1735.8822
3006634,0.0
3006635,272.791
3006636,4.2553573
3006637,745.52075
3006638,432.92224
3006639,347.51154
3006640,71.07121
3006641,63.085037
3006642,3029.1204
3006643,7.5158663
3006644,0.454489
3006645,15.908267
3006646,8.909078
3006647,0.10690009
3006648,172.96278
3006649,4.4564414
3006650,3.3097794
3006651,1.9886016
3006652,24.542059
3006653,0.6729319
3006654,169.63638
3006655,224.19913
3006656,1.5465007
3006657,2.9229512
3006658,216.37215
3006659,46.679493
3006660,526.7741
3006661,2.738985
3006662,7.306443
3006663,4.9353356
3006664,0.30953148
3006665,2.2940083
3006666,1231.7926
3006667,4.8415386e-05
3006668,233.16309
3006669,3.578302
3006670,601.75073
3006671,263.96423
3006672,153.28314
3006673,103.42985
3006674,45.626408
3006675,1991.8035
3006676,6.4909554
3006677,0.4472478
3006678,16.576738
3006679,14.185502
3006680,0.15252988
3006681,151.67545
3006682,2.517292
3006683,1.1686553
3006684,4.3599844
3006685,32.247894
3006686,1.0077906
3006687,52.966858
3006688,153.60806
3006689,0.8930751
3006690,3.7645762
3006691,82.44172
3006692,48.63102
3006693,602.9256
3006694,2.2424679
3006695,2.7776859
3006696,2.3019404
3006697,0.1245083
3006698,0.6442975
3006699,529.5328
3006700,0.0
3006701,56.73572
3006702,3.838959
3006703,261.12674
3006704,127.70213
3006705,68.4356
3006706,22.076393
3006707,30.975922
3006708,979.0694
3006709,2.4133515
3006710,0.43519688
3006711,16.725744
3006712,8.0128
3006713,0.14603606
3006714,66.41377
3006715,0.2201786
3006716,0.010234046
3006717,2.999923
3006718,13.577267
3006719,1.1828448
3006720,44.170876
3006721,67.39272
3006722,0.40994093
3006723,2.3545654
3006724,51.687786
3006725,19.071772
3006726,167.49594
3006727,0.23156108
3006728,0.89665556
3006729,2.3173025
3006730,0.0005643517
3006731,1.5713176
3006732,1213.1948
3006733,0.05464629
3006734,274.53598
3006735,9.334914
3006736,571.60266
3006737,477.5603
3006738,133.06416
3006739,54.72376
3006740,102.07441
3006741,1995.3474
3006742,24.654577
3006743,0.13855241
3006744,7.1602316
3006745,9.361567
3006746,0.21165252
3006747,92.60306
3006748,7.228506
3006749,0.94775593
3006750,4.442904
3006751,55.825996
3006752,2.26371
3006753,628.607
3006754,141.41241
3006755,1.8496153
3006756,2.6321065
3006757,306.94623
3006758,49.946598
3006759,841.1805
3006760,0.18445583
3006761,15.3827095
3006762,3.257116
3006763,0.045776688
3006764,5.0525236
3006765,2892.7444
3006766,0.14402857
3006767,702.5662
3006768,11.508127
3006769,1102.6516
3006770,1101.7042
3006771,252.56296
3006772,201.77527
3006773,216.10706
3006774,3788.4275
3006775,26.040854
3006776,1.178014
3006777,16.301453
3006778,30.442501
3006779,0.3724263
3006780,182.55835
3006781,9.012852
3006782,13.792733
3006783,9.09188
3006784,100.25962
3006785,6.952809
3006786,383.80548
3006787,264.0777
3006788,9.443284
3006789,7.7105684
3006790,499.80603
3006791,127.81838
3006792,2409.954
3006793,0.58777267
3006794,34.883274
3006795,2.1129694
3006796,0.02005622
3006797,2.371702
3006798,1767.4293
3006799,0.081034705
3006800,285.58466
3006801,4.730092
3006802,457.88052
3006803,474.1212
3006804,124.801796
3006805,104.58925
3006806,176.76112
3006807,1680.1587
3006808,11.591003
3006809,0.8854994
3006810,19.646463
3006811,11.852539
3006812,0.14564596
3006813,70.351944
3006814,2.4900772e-05
3006815,10.477312
3006816,7.757364
3006817,175.50534
3006818,3.4983363
3006819,197.9262
3006820,106.36653
3006821,2.1893163
3006822,3.4571037
3006823,158.13083
3006824,50.505928
3006825,921.7515
3006826,0.3503238
3006827,5.3790936
3006828,3.5193465
3006829,0.062874384
3006830,0.92666036
3006831,815.45557
3006832,0.008671165
3006833,222.95642
3006834,4.6735253
3006835,433.20532
3006836,243.23444
3006837,89.85962
3006838,40.676342
3006839,79.53464
3006840,1616.7455
3006841,4.246177
3006842,0.7932151
3006843,8.183007
3006844,5.6354966
3006845,0.21322994
3006846,59.731853
3006847,1.2066673
3006848,1.713318
3006849,3.5144491
3006850,34.079556
3006851,0.23579492
3006852,279.69196
3006853,160.02219
3006854,0.95122385
3006855,1.2411722
3006856,161.80202
3006857,17.542406
3006858,354.14984
3006859,0.57866234
3006860,3.3905537
3006861,4.9649568
3006862,0.05385572
3006863,3.627538
3006864,2491.328
3006865,0.062416404
3006866,613.66156
3006867,10.607897
3006868,801.7772
3006869,820.0759
3006870,253.7204
3006871,212.13255
3006872,167.30301
3006873,3254.1619
3006874,21.584137
3006875,1.7784535
3006876,12.7155485
3006877,15.072614
3006878,0.33821493
3006879,143.17926
3006880,4.7954707
3006881,13.801928
3006882,5.7778816
3006883,160.26163
3006884,2.3530836
3006885,272.40195
3006886,207.63136
3006887,5.524879
3006888,5.8251696
3006889,389.36505
3006890,90.57044
3006891,1742.4938
3006892,0.6406791
3006893,23.881346
3006894,7.1871667
3006895,0.02684026
3006896,1.9865549
3006897,2342.041
3006898,0.0
3006899,573.0797
3006900,7.984762
3006901,1042.5123
3006902,670.17334
3006903,346.4883
3006904,243.61836
3006905,97.90637
3006906,3778.582
3006907,7.1999516
3006908,1.2796645
3006909,23.746325
3006910,11.518523
3006911,0.53545463
3006912,180.14622
3006913,0.0
3006914,1.9146712
3006915,7.4939094
3006916,117.08381
3006917,0.6987354
3006918,201.96715
3006919,306.44104
3006920,2.6879883
3006921,3.374346
3006922,235.74805
3006923,65.77494
3006924,1007.4025
3006925,3.8989568
3006926,6.415744
3006927,3.5066257
3006928,0.23918658
3006929,1.6540735
3006930,1379.8553
3006931,0.0013407394
3006932,325.1485
3006933,5.184209
3006934,527.00073
3006935,375.19986
3006936,155.26129
3006937,106.52642
3006938,55.161148
3006939,1954.2681
3006940,5.7844305
3006941,0.5997766
3006942,13.499851
3006943,9.8032875
3006944,0.15590982
3006945,123.22302
3006946,0.0
3006947,1.0981549
3006948,2.648645
3006949,65.96687
3006950,0.7148747
3006951,70.68493
3006952,150.70479
3006953,2.277552
3006954,2.7937617
3006955,111.12444
3006956,38.032345
3006957,629.88257
3006958,2.164472
3006959,3.7857358
3006960,9.503003
3006961,0.42183614
3006962,9.767207
3006963,6963.078
3006964,0.3383408
3006965,1172.6415
3006966,30.723848
3006967,2080.6726
3006968,2100.2083
3006969,397.54898
3006970,524.2196
3006971,461.27405
3006972,7848.6396
3006973,77.82426
3006974,3.042447
3006975,46.600796
3006976,37.064358
3006977,1.9433906
3006978,347.13394
3006979,33.15316
3006980,25.144073
3006981,26.813358
3006982,223.46982
3006983,12.807368
3006984,818.6932
3006985,512.84076
3006986,12.4901905
3006987,18.775194
3006988,1177.6005
3006989,369.279
3006990,5462.8315
3006991,0.80965596
3006992,106.14072
3006993,3.1529882
3006994,0.06674521
3006995,0.6241965
3006996,962.9926
3006997,0.0
3006998,154.61447
3006999,2.5613687
3007000,485.86792
3007001,230.95276
3007002,106.863754
3007003,124.06472
3007004,63.075077
3007005,1576.051
3007006,3.4144611
3007007,0.9153981
3007008,9.87266
3007009,4.953798
3007010,0.2952266
3007011,80.65589
3007012,0.42741123
3007013,0.0
3007014,4.060504
3007015,54.473057
3007016,0.3680356
3007017,57.83175
3007018,104.68476
3007019,0.8876625
3007020,2.5409803
3007021,100.85196
3007022,23.148045
3007023,331.60397
3007024,0.8409033
3007025,3.4063244
3007026,7.717603
3007027,0.5847144
3007028,2.6478062
3007029,1873.9719
3007030,0.0006668847
3007031,473.24414
3007032,5.62547
3007033,1269.8446
3007034,613.3637
3007035,252.92313
3007036,247.77228
3007037,112.12196
3007038,3992.7356
3007039,9.584157
3007040,0.73330384
3007041,15.006831
3007042,13.325533
3007043,0.38021007
3007044,198.88269
3007045,1.5391511
3007046,1.1914555
3007047,12.549874
3007048,30.655985
3007049,0.66850436
3007050,311.37595
3007051,299.69083
3007052,1.5612651
3007053,4.9719653
3007054,142.58063
3007055,74.33769
3007056,857.5499
3007057,2.7414956
3007058,5.12155
3007059,1.8356462
3007060,0.047845375
3007061,0.2346889
3007062,622.3238
3007063,0.0
3007064,100.106094
3007065,2.3986025
3007066,450.26138
3007067,149.87048
3007068,98.32147
3007069,141.68462
3007070,30.150005
3007071,1487.973
3007072,1.7223148
3007073,0.47594303
3007074,7.607299
3007075,2.5069826
3007076,0.16463086
3007077,64.76851
3007078,0.0
3007079,0.0067421575
3007080,2.234242
3007081,71.74566
3007082,0.10249528
3007083,58.746902
3007084,98.638145
3007085,0.13177913
3007086,0.8505016
3007087,63.59758
3007088,11.244805
3007089,124.582054
3007090,0.894631
3007091,1.2017509
3007092,7.907294
3007093,0.15986669
3007094,1.1001511
3007095,1411.3385
3007096,0.0
3007097,279.0712
3007098,5.4099607
3007099,1074.386
3007100,401.75598
3007101,202.08772
3007102,176.45569
3007103,78.13013
3007104,3108.4224
3007105,2.9891756
3007106,0.70324785
3007107,31.437746
3007108,12.294527
3007109,0.17156398
3007110,155.2259
3007111,0.0
3007112,0.03416481
3007113,12.82916
3007114,66.3013
3007115,0.96067494
3007116,256.01266
3007117,241.30748
3007118,0.69717836
3007119,3.2542155
3007120,218.84067
3007121,37.398144
3007122,853.9067
3007123,1.1651305
3007124,1.5736107
3007125,3.4130871
3007126,0.19372049
3007127,2.8463438
3007128,2323.5198
3007129,4.4294633e-05
3007130,684.1325
3007131,7.4045525
3007132,919.7506
3007133,596.3324
3007134,252.8342
3007135,119.44489
3007136,132.85866
3007137,3841.7925
3007138,5.51878
3007139,1.8373947
3007140,26.266323
3007141,23.993938
3007142,0.66962916
3007143,161.80708
3007144,3.6785066
3007145,2.1199093
3007146,9.851712
3007147,53.24341
3007148,1.1309413
3007149,183.73705
3007150,320.79416
3007151,1.6638376
3007152,3.9965115
3007153,141.97778
3007154,34.62008
3007155,497.32486
3007156,5.0354037
3007157,3.0940568
3007158,4.444165
3007159,0.056276053
3007160,0.27013963
3007161,1150.1589
3007162,0.0
3007163,92.67575
3007164,1.6643754
3007165,478.63632
3007166,164.08739
3007167,83.11094
3007168,176.78236
3007169,54.467422
3007170,1775.4674
3007171,2.9142962
3007172,0.60565984
3007173,7.5861506
3007174,6.2152867
3007175,0.200085
3007176,69.35386
3007177,0.0
3007178,0.060680866
3007179,1.4784834
3007180,44.45457
3007181,0.29032978
3007182,165.23099
3007183,87.740456
3007184,0.2802542
3007185,0.74341875
3007186,58.199852
3007187,17.569149
3007188,230.9693
3007189,0.7825098
3007190,0.48784447
3007191,3.9198153
3007192,0.040895876
3007193,1.4459002
3007194,2091.9817
3007195,0.0
3007196,490.24048
3007197,5.083849
3007198,875.68353
3007199,528.58295
3007200,211.29184
3007201,117.32615
3007202,104.6025
3007203,3427.935
3007204,6.2750225
3007205,0.5210129
3007206,21.618145
3007207,11.499713
3007208,0.20102425
3007209,150.91888
3007210,0.059907597
3007211,8.412008
3007212,3.184336
3007213,130.17151
3007214,0.6133694
3007215,202.76186
3007216,237.41031
3007217,1.1677058
3007218,3.2476747
3007219,121.778595
3007220,52.910694
3007221,928.4702
3007222,5.092375
3007223,1.002802
3007224,4.0438333
3007225,0.022168176
3007226,4.3380547
3007227,2168.09
3007228,0.1572688
3007229,556.6724
3007230,8.075336
3007231,1052.3154
3007232,911.1414
3007233,148.2753
3007234,154.56209
3007235,195.76932
3007236,3679.9019
3007237,46.64178
3007238,1.9190352
3007239,22.448282
3007240,16.127958
3007241,0.33594987
3007242,167.70174
3007243,17.287895
3007244,13.105266
3007245,5.8809824
3007246,109.38385
3007247,4.9799223
3007248,249.55267
3007249,256.9833
3007250,6.7834544
3007251,6.707309
3007252,253.89114
3007253,131.43542
3007254,1939.7626
3007255,0.30837166
3007256,20.04305
3007257,6.6066546
3007258,0.014012884
3007259,5.186722
3007260,1893.8096
3007261,0.10382214
3007262,541.622
3007263,9.931136
3007264,1077.5941
3007265,842.12646
3007266,169.88617
3007267,119.79355
3007268,212.09218
3007269,3807.8691
3007270,26.81545
3007271,1.7460725
3007272,24.099743
3007273,18.378216
3007274,0.149627
3007275,218.27057
3007276,18.594675
3007277,8.896556
3007278,13.161994
3007279,79.21089
3007280,5.2959695
3007281,185.52231
3007282,364.8731
3007283,4.0652585
3007284,6.28367
3007285,162.73103
3007286,120.479744
3007287,1525.1577
3007288,0.32436112
3007289,19.599686
3007290,8.851132
3007291,0.27843887
3007292,3.9130614
3007293,2365.973
3007294,0.0
3007295,718.4135
3007296,7.1662374
3007297,1302.1283
3007298,537.7041
3007299,190.17926
3007300,407.35443
3007301,93.77264
3007302,4305.0303
3007303,29.018784
3007304,1.8360826
3007305,23.951519
3007306,14.447129
3007307,0.4319314
3007308,215.1805
3007309,4.907291
3007310,8.021961
3007311,6.785216
3007312,65.1602
3007313,2.0163429
3007314,245.7686
3007315,310.65872
3007316,2.8639987
3007317,5.732231
3007318,213.43877
3007319,77.818855
3007320,1127.2804
3007321,1.961362
3007322,10.942438
3007323,4.0400476
3007324,0.012017214
3007325,4.1490307
3007326,2259.2517
3007327,0.16646756
3007328,412.10315
3007329,6.8500166
3007330,886.8449
3007331,814.56635
3007332,218.41
3007333,172.297
3007334,155.4621
3007335,3388.9177
3007336,20.134773
3007337,1.1529498
3007338,14.807257
3007339,9.52626
3007340,0.4072059
3007341,164.76706
3007342,16.348776
3007343,9.534502
3007344,4.0541973
3007345,84.623024
3007346,3.6674273
3007347,368.28537
3007348,230.69008
3007349,4.5223827
3007350,5.785666
3007351,463.17743
3007352,100.06288
3007353,1670.7207
3007354,0.22415605
3007355,32.86319
3007356,3.9519467
3007357,0.31782264
3007358,1.2011747
3007359,2407.362
3007360,0.0
3007361,373.32416
3007362,5.929722
3007363,1424.2079
3007364,489.32217
3007365,258.538
3007366,146.16101
3007367,74.29842
3007368,4449.3647
3007369,8.937973
3007370,1.0467819
3007371,22.67692
3007372,16.84139
3007373,0.22482441
3007374,224.97282
3007375,0.002976492
3007376,0.15027618
3007377,8.353977
3007378,72.58782
3007379,0.9705087
3007380,116.42824
3007381,292.2958
3007382,1.2088329
3007383,4.3782787
3007384,156.70311
3007385,50.776707
3007386,713.09436
3007387,2.1102538
3007388,3.205576
3007389,4.948995
3007390,0.0298147
3007391,4.4567533
3007392,1582.1077
3007393,0.031967632
3007394,430.42548
3007395,7.7344394
3007396,884.3901
3007397,575.61896
3007398,198.99258
3007399,119.52641
3007400,183.84358
3007401,2981.2607
3007402,23.116423
3007403,0.8010319
3007404,17.97246
3007405,20.713654
3007406,0.28930888
3007407,152.56537
3007408,8.495652
3007409,10.055763
3007410,8.412082
3007411,72.65395
3007412,5.8740916
3007413,174.58116
3007414,268.94055
3007415,4.79712
3007416,4.90121
3007417,163.76775
3007418,60.05032
3007419,1232.6511
3007420,0.5553323
3007421,7.945334
3007422,1.7686898
3007423,0.014792225
3007424,2.4795115
3007425,1172.7014
3007426,0.19212471
3007427,240.89171
3007428,5.479834
3007429,384.61932
3007430,392.25406
3007431,71.84059
3007432,59.52922
3007433,74.661804
3007434,1465.8531
3007435,12.951666
3007436,0.5059813
3007437,9.532159
3007438,12.298122
3007439,0.120930955
3007440,99.4
3007441,8.562713
3007442,11.831732
3007443,2.108233
3007444,36.26471
3007445,3.9304776
3007446,97.64848
3007447,107.81865
3007448,3.2396436
3007449,3.8550527
3007450,107.98691
3007451,36.60298
3007452,1187.5216
3007453,0.25993285
3007454,8.672077
3007455,6.1969204
3007456,0.047616545
3007457,1.1705036
3007458,3087.6904
3007459,0.0
3007460,309.32834
3007461,5.694834
3007462,1032.739
3007463,371.03
3007464,241.28004
3007465,146.4655
3007466,52.72916
3007467,3387.1746
3007468,4.259972
3007469,1.1736887
3007470,15.648117
3007471,10.488861
3007472,0.13469644
3007473,146.02072
3007474,0.0
3007475,1.0093716
3007476,3.3297985
3007477,88.58249
3007478,1.2192587
3007479,149.04662
3007480,225.7484
3007481,0.68907475
3007482,2.866289
3007483,173.95561
3007484,61.444263
3007485,513.7166
3007486,1.8385843
3007487,0.7415671
3007488,18.910622
3007489,0.0031699985
3007490,12.017067
3007491,8220.513
3007492,0.33507937
3007493,1408.1154
3007494,23.718761
3007495,2561.756
3007496,2606.1467
3007497,598.8399
3007498,648.9013
3007499,617.8896
3007500,9858.443
3007501,81.293076
3007502,4.180088
3007503,86.011955
3007504,63.877693
3007505,1.9404416
3007506,424.93295
3007507,21.190733
3007508,13.222023
3007509,18.9266
3007510,335.0719
3007511,11.996524
3007512,972.507
3007513,564.1455
3007514,21.592308
3007515,28.159498
3007516,1287.3623
3007517,470.13635
3007518,6770.67
3007519,15.911299
3007520,122.62342
3007521,15.916741
3007522,0.0024582855
3007523,10.096884
3007524,6971.4736
3007525,0.36975774
3007526,1158.3379
3007527,24.606043
3007528,2525.6345
3007529,2182.3027
3007530,649.9685
3007531,412.67438
3007532,536.0865
3007533,9861.871
3007534,84.136894
3007535,1.0904952
3007536,49.975433
3007537,54.482235
3007538,1.3485413
3007539,435.62997
3007540,17.162134
3007541,18.376883
3007542,4.96592
3007543,213.48491
3007544,9.149177
3007545,1198.3125
3007546,646.38965
3007547,14.324992
3007548,20.054338
3007549,1321.1477
3007550,328.16937
3007551,4383.8145
3007552,13.665513
3007553,97.13872
3007554,15.325649
3007555,0.00092594326
3007556,11.961399
3007557,4834.327
3007558,0.12196215
3007559,792.5304
3007560,15.143732
3007561,2311.2646
3007562,1473.5023
3007563,817.4215
3007564,177.35158
3007565,401.72488
3007566,8640.835
3007567,42.814724
3007568,1.497065
3007569,28.901953
3007570,36.55753
3007571,1.3168379
3007572,453.76633
3007573,21.896713
3007574,10.8523655
3007575,6.8562284
3007576,123.49618
3007577,4.770937
3007578,1161.0862
3007579,754.16144
3007580,13.936572
3007581,16.830107
3007582,1025.6285
3007583,175.1006
3007584,2010.3081
3007585,11.5787325
3007586,50.47291
3007587,16.055777
3007588,0.002161011
3007589,12.4114895
3007590,6640.39
3007591,0.3559521
3007592,1121.7325
3007593,18.159195
3007594,2339.5076
3007595,2044.2162
3007596,646.66425
3007597,355.50922
3007598,435.20703
3007599,9352.771
3007600,65.66585
3007601,1.7964804
3007602,42.745167
3007603,47.561394
3007604,1.8337791
3007605,446.26514
3007606,20.056925
3007607,16.41067
3007608,4.952318
3007609,169.79259
3007610,7.7480025
3007611,899.6232
3007612,716.7266
3007613,14.331943
3007614,19.297153
3007615,1183.2142
3007616,287.3849
3007617,4030.1433
3007618,9.235586
3007619,86.14156
3007620,13.876009
3007621,0.0
3007622,10.680303
3007623,3898.1292
3007624,0.034509245
3007625,715.0007
3007626,15.373139
3007627,2159.5444
3007628,1239.3346
3007629,658.0264
3007630,141.6679
3007631,316.569
3007632,7723.302
3007633,44.089184
3007634,0.9019065
3007635,34.787212
3007636,25.690905
3007637,0.863221
3007638,414.51422
3007639,17.666996
3007640,6.3187804
3007641,4.996687
3007642,105.33346
3007643,3.1638505
3007644,981.58307
3007645,720.0179
3007646,10.166292
3007647,14.429582
3007648,906.8716
3007649,131.82986
3007650,1462.9888
3007651,14.116398
3007652,30.117203
3007653,10.68464
3007654,0.0
3007655,8.022953
3007656,5718.2734
3007657,0.28278142
3007658,1065.526
3007659,22.205389
3007660,1721.0353
3007661,1968.1276
3007662,376.24887
3007663,439.44318
3007664,443.2024
3007665,6797.282
3007666,65.73885
3007667,1.7298629
3007668,42.21392
3007669,27.444
3007670,1.0206358
3007671,306.08585
3007672,11.496694
3007673,17.20684
3007674,9.147237
3007675,224.01161
3007676,8.872409
3007677,746.51794
3007678,405.56464
3007679,11.039145
3007680,21.5733
3007681,919.5324
3007682,302.2826
3007683,5067.5854
3007684,7.577665
3007685,87.35115
3007686,5.52396
3007687,0.12956926
3007688,5.162557
3007689,1556.8994
3007690,0.13996007
3007691,385.50754
3007692,16.46028
3007693,984.9733
3007694,532.3541
3007695,247.17682
3007696,111.33475
3007697,165.46284
3007698,3139.993
3007699,20.085327
3007700,1.0305767
3007701,18.940979
3007702,23.682268
3007703,0.57559645
3007704,151.97968
3007705,9.415494
3007706,2.9088175
3007707,17.96646
3007708,65.93947
3007709,4.0950065
3007710,281.24023
3007711,270.1529
3007712,2.0080779
3007713,5.03069
3007714,254.77754
3007715,88.38303
3007716,1046.1836
3007717,0.49088264
3007718,13.199046
3007719,11.693663
3007720,0.0
3007721,7.816024
3007722,3336.0803
3007723,0.18020798
3007724,584.6365
3007725,23.396564
3007726,1607.9066
3007727,1039.073
3007728,462.0028
3007729,113.82131
3007730,270.2547
3007731,6050.3315
3007732,47.168434
3007733,1.5114921
3007734,52.072758
3007735,47.828552
3007736,0.6377647
3007737,288.2326
3007738,14.100787
3007739,5.3394756
3007740,5.86772
3007741,114.30764
3007742,4.898415
3007743,600.6496
3007744,497.0165
3007745,5.916474
3007746,15.046104
3007747,448.8185
3007748,120.514336
3007749,1535.2557
3007750,9.16953
3007751,23.491486
3007752,6.9646316
3007753,0.0037407652
3007754,4.911575
3007755,4201.828
3007756,0.16384561
3007757,870.4295
3007758,10.288299
3007759,1458.2943
3007760,1503.06
3007761,257.95685
3007762,334.36145
3007763,336.65628
3007764,4946.4443
3007765,32.046875
3007766,1.4245464
3007767,22.115496
3007768,21.52284
3007769,1.1197522
3007770,214.42444
3007771,2.7264144
3007772,17.76577
3007773,6.469421
3007774,161.9139
3007775,6.166973
3007776,636.0361
3007777,288.7231
3007778,11.718786
3007779,7.591862
3007780,872.52515
3007781,167.7429
3007782,3589.4216
3007783,6.532921
3007784,65.29584
3007785,0.85551065
3007786,0.0
3007787,0.5412869
3007788,313.38486
3007789,0.0
3007790,54.597336
3007791,0.7537893
3007792,115.68985
3007793,79.21039
3007794,25.884892
3007795,14.003678
3007796,22.95961
3007797,427.45117
3007798,3.2411401
3007799,0.22142264
3007800,3.8519266
3007801,3.4995997
3007802,0.073791206
3007803,25.815615
3007804,0.7087
3007805,4.509296
3007806,0.55782217
3007807,13.688451
3007808,0.6938501
3007809,34.054203
3007810,26.016819
3007811,0.9865196
3007812,1.9255137
3007813,33.606655
3007814,8.974709
3007815,334.11264
3007816,1.3974197
3007817,0.70782655
3007818,5.0122027
3007819,0.014294164
3007820,3.585879
3007821,1321.2704
3007822,0.047017567
3007823,333.16705
3007824,5.593134
3007825,679.1986
3007826,363.27133
3007827,156.48285
3007828,68.69165
3007829,121.03716
3007830,2031.6353
3007831,11.074359
3007832,0.9740569
3007833,15.13301
3007834,14.512083
3007835,0.09698209
3007836,123.746284
3007837,2.7966623
3007838,3.7958837
3007839,5.266775
3007840,72.91279
3007841,2.1834636
3007842,178.95229
3007843,185.82916
3007844,2.1975408
3007845,3.7107751
3007846,147.73111
3007847,53.28138
3007848,1174.1135
3007849,0.76109326
3007850,4.162279
3007851,5.7860413
3007852,0.18913086
3007853,0.60552317
3007854,1328.6831
3007855,0.001178557
3007856,221.03075
3007857,3.1467
3007858,1057.6913
3007859,189.54817
3007860,188.65784
3007861,73.27492
3007862,35.249153
3007863,2678.4885
3007864,8.019693
3007865,0.7034071
3007866,15.949939
3007867,9.319414
3007868,0.18109837
3007869,142.0676
3007870,0.004034333
3007871,0.0027882867
3007872,4.2941194
3007873,23.492916
3007874,0.4770724
3007875,52.41221
3007876,184.10107
3007877,0.11016325
3007878,2.099249
3007879,54.192917
3007880,62.73953
3007881,376.32114
3007882,0.6329119
3007883,1.7135777
3007884,5.4077244
3007885,0.007406838
3007886,5.7872243
3007887,3111.51
3007888,0.046592053
3007889,554.55194
3007890,9.904896
3007891,1241.6836
3007892,988.2496
3007893,346.874
3007894,203.99548
3007895,230.20547
3007896,4693.902
3007897,34.889946
3007898,0.9396702
3007899,18.646082
3007900,30.996136
3007901,0.40002328
3007902,216.54242
3007903,20.622158
3007904,7.924805
3007905,7.880748
3007906,94.93121
3007907,3.8562486
3007908,497.1112
3007909,326.18008
3007910,6.2847357
3007911,8.244788
3007912,649.098
3007913,140.38467
3007914,1823.5854
3007915,0.27877587
3007916,43.54631
3007917,4.3600874
3007918,0.030338902
3007919,3.6858027
3007920,3434.0823
3007921,0.12892003
3007922,655.3012
3007923,12.010597
3007924,1060.1697
3007925,1262.9557
3007926,170.35342
3007927,286.90485
3007928,264.94772
3007929,3779.8042
3007930,40.272556
3007931,2.107627
3007932,15.415594
3007933,14.736725
3007934,0.7872412
3007935,160.41653
3007936,7.7700496
3007937,19.512224
3007938,8.810067
3007939,162.93515
3007940,6.9532075
3007941,523.58685
3007942,218.44664
3007943,4.0526853
3007944,7.31867
3007945,632.5271
3007946,183.08467
3007947,3522.8726
3007948,0.3433364
3007949,57.93094
3007950,5.3369856
3007951,0.08071152
3007952,7.40546
3007953,3880.8108
3007954,0.20151168
3007955,766.77686
3007956,15.836129
3007957,1265.8467
3007958,1449.219
3007959,281.18115
3007960,327.8694
3007961,244.02722
3007962,4768.536
3007963,41.293617
3007964,2.4179928
3007965,31.699991
3007966,27.2321
3007967,1.1999546
3007968,249.13918
3007969,26.567883
3007970,17.360786
3007971,22.017885
3007972,149.82408
3007973,8.613746
3007974,517.3058
3007975,334.34198
3007976,10.781641
3007977,11.9765005
3007978,623.9386
3007979,210.2248
3007980,3251.1252
3007981,0.44797125
3007982,55.574905
3007983,14.053716
3007984,0.20670007
3007985,5.584451
3007986,2853.6672
3007987,0.0036559328
3007988,563.6178
3007989,10.260452
3007990,1740.1864
3007991,773.57874
3007992,595.2842
3007993,198.14325
3007994,129.52556
3007995,6241.003
3007996,11.444236
3007997,1.859043
3007998,35.582966
3007999,20.714457
3008000,0.39033052
3008001,308.4061
3008002,10.115385
3008003,4.4792266
3008004,8.911462
3008005,52.27907
3008006,1.7605494
3008007,378.40607
3008008,449.79105
3008009,3.5603704
3008010,7.2954865
3008011,491.17648
3008012,90.264565
3008013,1027.0968
3008014,5.3881283
3008015,16.602182
3008016,3.3159416
3008017,0.0026086457
3008018,2.4506512
3008019,1633.4774
3008020,0.13654958
3008021,343.27557
3008022,10.704835
3008023,643.24915
3008024,642.40643
3008025,123.75171
3008026,140.10953
3008027,133.46666
3008028,2257.523
3008029,21.80454
3008030,1.6054081
3008031,15.692654
3008032,13.666363
3008033,0.3571895
3008034,107.53907
3008035,10.020653
3008036,9.261246
3008037,6.469571
3008038,102.51993
3008039,3.4004116
3008040,316.2926
3008041,131.20322
3008042,3.7061243
3008043,5.588485
3008044,294.6037
3008045,82.353325
3008046,1545.3971
3008047,0.18658602
3008048,25.983173
3008049,3.1185763
3008050,0.29414934
3008051,1.356524
3008052,924.06635
3008053,0.0011738157
3008054,113.50826
3008055,2.794727
3008056,778.2991
3008057,261.69946
3008058,252.91649
3008059,50.18417
3008060,45.595253
3008061,2477.842
3008062,3.6760108
3008063,0.687173
3008064,7.895169
3008065,5.755242
3008066,0.18371256
3008067,128.18564
3008068,3.508099
3008069,0.014867927
3008070,3.1580703
3008071,12.376906
3008072,0.26154917
3008073,184.44495
3008074,180.33203
3008075,0.34954843
3008076,2.4678833
3008077,180.33827
3008078,21.337511
3008079,158.12424
3008080,0.5384978
3008081,2.8106143
3008082,6.747587
3008083,0.20165126
3008084,4.8409915
3008085,3733.6987
3008086,0.0
3008087,608.9627
3008088,10.822167
3008089,1956.0283
3008090,536.0438
3008091,441.0051
3008092,164.52869
3008093,106.95302
3008094,6675.733
3008095,17.970688
3008096,0.72320807
3008097,25.042809
3008098,14.814709
3008099,0.41207674
3008100,351.4515
3008101,8.383933
3008102,1.622784
3008103,10.937425
3008104,45.388714
3008105,1.5614225
3008106,620.88153
3008107,396.57443
3008108,1.0854466
3008109,8.21591
3008110,523.99414
3008111,56.57079
3008112,842.8359
3008113,4.119861
3008114,8.4183855
3008115,4.8032994
3008116,0.11383036
3008117,0.9541263
3008118,1334.4648
3008119,0.0038726814
3008120,182.94255
3008121,6.522628
3008122,776.87524
3008123,349.74533
3008124,201.05183
3008125,78.382095
3008126,49.360218
3008127,2520.27
3008128,6.3829093
3008129,0.9791568
3008130,10.972617
3008131,8.871516
3008132,0.23164462
3008133,119.755844
3008134,1.3474883
3008135,0.010052477
3008136,6.344937
3008137,39.11003
3008138,0.7911173
3008139,146.16751
3008140,158.07065
3008141,0.5438868
3008142,3.1308167
3008143,186.8238
3008144,34.28424
3008145,215.789
3008146,0.54028183
3008147,2.6699395
3008148,5.617831
3008149,0.0
3008150,1.2732375
3008151,1328.7773
3008152,0.0
3008153,161.57498
3008154,4.3128753
3008155,792.0284
3008156,281.00903
3008157,162.22917
3008158,54.169983
3008159,34.88915
3008160,2763.2607
3008161,7.4230022
3008162,0.5344327
3008163,11.373084
3008164,8.566135
3008165,0.15842721
3008166,114.02294
3008167,2.9411545
3008168,0.015914429
3008169,2.8890145
3008170,33.026505
3008171,0.48011088
3008172,153.50497
3008173,183.1488
3008174,0.25053957
3008175,2.5311432
3008176,122.40988
3008177,28.221493
3008178,125.692085
3008179,0.4136357
3008180,1.8930699
3008181,3.6750412
3008182,0.0067288154
3008183,1.150201
3008184,997.24817
3008185,0.0035053194
3008186,189.45601
3008187,4.956407
3008188,1095.3826
3008189,367.93787
3008190,226.86174
3008191,37.8215
3008192,64.435455
3008193,2658.2036
3008194,5.9870634
3008195,0.35594088
3008196,13.183549
3008197,13.237515
3008198,0.18885902
3008199,164.15176
3008200,1.054236
3008201,0.0
3008202,4.5965486
3008203,25.408375
3008204,0.8364236
3008205,292.4456
3008206,277.10434
3008207,0.47556654
3008208,3.1627598
3008209,97.24338
3008210,62.44012
3008211,243.12752
3008212,0.3293147
3008213,3.9565077
3008214,2.7017858
3008215,1.0047479
3008216,1.8797683
3008217,1277.1993
3008218,0.003762398
3008219,152.13539
3008220,3.232903
3008221,878.7788
3008222,316.1669
3008223,277.8686
3008224,81.180534
3008225,67.207886
3008226,2752.488
3008227,9.69772
3008228,0.9133867
3008229,31.276272
3008230,11.15395
3008231,0.10967146
3008232,156.53004
3008233,6.00992
3008234,0.011537563
3008235,4.8984213
3008236,24.70225
3008237,0.7766748
3008238,126.656075
3008239,183.68184
3008240,0.4202845
3008241,2.8310509
3008242,130.6736
3008243,31.615421
3008244,415.22083
3008245,0.4245081
3008246,5.1299386
3008247,5.770745
3008248,0.0968689
3008249,0.8592114
3008250,1130.6282
3008251,0.0
3008252,202.95654
3008253,3.8716877
3008254,1010.04504
3008255,255.68492
3008256,216.88553
3008257,184.68285
3008258,43.10871
3008259,2575.7834
3008260,5.7826004
3008261,0.59713143
3008262,13.452558
3008263,8.223264
3008264,0.124903545
3008265,142.87961
3008266,0.0
3008267,0.017949676
3008268,3.7857847
3008269,36.08939
3008270,0.60395473
3008271,75.78263
3008272,197.8965
3008273,0.27386215
3008274,2.0950463
3008275,95.79894
3008276,41.988297
3008277,397.37048
3008278,1.4794818
3008279,2.613541
3008280,6.255095
3008281,0.16333917
3008282,1.8771276
3008283,2501.4263
3008284,0.0029335879
3008285,255.52037
3008286,5.0172195
3008287,1080.7041
3008288,569.8289
3008289,435.6899
3008290,189.063
3008291,100.667076
3008292,3906.855
3008293,8.356401
3008294,0.7334432
3008295,18.022589
3008296,16.83754
3008297,0.18383168
3008298,201.89417
3008299,2.05641
3008300,0.13164799
3008301,5.4858723
3008302,39.69415
3008303,1.3304384
3008304,255.48383
3008305,234.31256
3008306,1.0737516
3008307,5.422344
3008308,309.4371
3008309,66.70134
3008310,798.76135
3008311,0.509959
3008312,11.263239
3008313,3.7940302
3008314,0.10094193
3008315,1.9967967
3008316,1700.2343
3008317,0.0
3008318,654.6122
3008319,4.72265
3008320,602.9403
3008321,488.06036
3008322,209.10799
3008323,163.86629
3008324,58.287457
3008325,2483.82
3008326,16.936909
3008327,0.9817413
3008328,15.300057
3008329,8.883879
3008330,0.16694066
3008331,115.23395
3008332,6.6506853
3008333,1.46862
3008334,4.133485
3008335,57.654842
3008336,1.2087632
3008337,98.02596
3008338,152.11229
3008339,1.9597522
3008340,4.564682
3008341,201.5237
3008342,50.640434
3008343,929.4518
3008344,1.7254837
3008345,8.965349
3008346,6.7542577
3008347,0.12376565
3008348,1.643373
3008349,2033.309
3008350,0.0
3008351,180.11922
3008352,5.577284
3008353,945.6024
3008354,303.88812
3008355,282.9166
3008356,67.28426
3008357,63.645332
3008358,3084.499
3008359,10.004449
3008360,1.2913942
3008361,15.285865
3008362,9.023433
3008363,0.17035036
3008364,133.87976
3008365,5.6539726
3008366,0.018345132
3008367,4.59755
3008368,34.319756
3008369,1.081376
3008370,142.98973
3008371,191.26395
3008372,0.59975994
3008373,3.1537566
3008374,126.74379
3008375,33.93094
3008376,282.22342
3008377,0.5266319
3008378,4.2320905
3008379,5.5372133
3008380,0.05082333
3008381,4.74195
3008382,2548.5562
3008383,0.14886795
3008384,564.1963
3008385,8.462247
3008386,973.5528
3008387,883.3136
3008388,248.78038
3008389,187.62245
3008390,166.3945
3008391,3973.6162
3008392,32.005363
3008393,1.1942806
3008394,18.726046
3008395,15.219127
3008396,0.5047927
3008397,189.93053
3008398,18.687449
3008399,8.336281
3008400,8.800823
3008401,88.69419
3008402,4.0359898
3008403,507.40305
3008404,270.42255
3008405,5.8003798
3008406,6.0734234
3008407,504.2146
3008408,126.94781
3008409,1766.6279
3008410,0.47961634
3008411,32.662525
3008412,4.8233733
3008413,0.33460626
3008414,3.0308204
3008415,1736.7083
3008416,0.0
3008417,273.2502
3008418,4.227875
3008419,750.2772
3008420,437.17657
3008421,345.80923
3008422,70.83404
3008423,63.844856
3008424,3021.9045
3008425,7.55116
3008426,0.45362
3008427,16.046986
3008428,8.981921
3008429,0.106555864
3008430,172.09407
3008431,4.4356346
3008432,3.273279
3008433,2.0001678
3008434,24.714527
3008435,0.66906464
3008436,168.76405
3008437,224.21068
3008438,1.5681903
3008439,2.9305072
3008440,217.58522
3008441,47.002968
3008442,530.61444
3008443,2.6516519
3008444,7.285539
3008445,4.937704
3008446,0.3028426
3008447,2.31379
3008448,1227.5974
3008449,0.0
3008450,233.53296
3008451,3.5816112
3008452,605.8012
3008453,264.9863
3008454,153.48337
3008455,103.25076
3008456,45.71365
3008457,1998.2438
3008458,6.4946404
3008459,0.44281918
3008460,16.632025
3008461,14.1563225
3008462,0.15268928
3008463,153.3151
3008464,2.539253
3008465,1.2001808
3008466,4.3831005
3008467,32.144165
3008468,1.0034127
3008469,53.35388
3008470,154.32932
3008471,0.9101576
3008472,3.8277774
3008473,81.9717
3008474,48.780945
3008475,600.64075
3008476,2.230677
3008477,2.7627397
3008478,2.3142688
3008479,0.1247217
3008480,0.65081495
3008481,534.9137
3008482,0.00237092
3008483,56.5338
3008484,3.7857974
3008485,261.85834
3008486,127.07899
3008487,68.43442
3008488,22.324091
3008489,31.496885
3008490,983.09094
3008491,2.439753
3008492,0.44134983
3008493,17.010767
3008494,8.045243
3008495,0.1454833
3008496,66.63608
3008497,0.21336214
3008498,0.006996234
3008499,3.0313969
3008500,13.564521
3008501,1.196745
3008502,44.636486
3008503,67.38299
3008504,0.40611717
3008505,2.3420424
3008506,52.182655
3008507,19.152367
3008508,167.66005
3008509,0.22637272
3008510,0.8962931
3008511,2.311723
3008512,0.004024118
3008513,1.5726227
3008514,1210.043
3008515,0.05338984
3008516,274.38507
3008517,9.364629
3008518,571.5866
3008519,477.40927
3008520,133.26282
3008521,54.803883
3008522,103.938156
3008523,1995.7441
3008524,24.577427
3008525,0.1375134
3008526,7.094167
3008527,9.534266
3008528,0.21149775
3008529,92.400635
3008530,7.194645
3008531,0.97399086
3008532,4.414704
3008533,55.69155
3008534,2.2588804
3008535,624.88446
3008536,141.30733
3008537,1.8485138
3008538,2.6376834
3008539,307.16937
3008540,49.894413
3008541,845.92596
3008542,0.18714103
3008543,15.414688
3008544,3.2762253
3008545,0.044238944
3008546,5.0555515
3008547,2885.8223
3008548,0.14350992
3008549,700.97595
3008550,11.418693
3008551,1100.8026
3008552,1099.7678
3008553,252.12044
3008554,201.72887
3008555,215.0233
3008556,3789.016
3008557,26.79377
3008558,1.1736805
3008559,16.354542
3008560,30.353441
3008561,0.3763192
3008562,182.47572
3008563,9.003596
3008564,13.8586855
3008565,9.011748
3008566,100.3089
3008567,6.923473
3008568,383.64047
3008569,264.3097
3008570,9.466853
3008571,7.678601
3008572,499.98453
3008573,128.00777
3008574,2410.6912
3008575,0.5938625
3008576,34.97853
3008577,2.1132345
3008578,0.020857366
3008579,2.3781939
3008580,1767.3972
3008581,0.07910699
3008582,285.70987
3008583,4.721791
3008584,457.3646
3008585,475.59885
3008586,124.3492
3008587,104.99441
3008588,176.95357
3008589,1685.7988
3008590,11.532912
3008591,0.89649594
3008592,19.48089
3008593,11.818215
3008594,0.1440951
3008595,70.075806
3008596,0.0031552278
3008597,10.44582
3008598,7.78022
3008599,176.82245
3008600,3.4755583
3008601,198.38652
3008602,106.1897
3008603,2.1922512
3008604,3.443138
3008605,158.47005
3008606,50.650978
3008607,923.4334
3008608,0.35546067
3008609,5.328358
3008610,3.561032
3008611,0.06398564
3008612,0.93766683
3008613,817.08374
3008614,0.00846059
3008615,222.85342
3008616,4.6807203
3008617,434.24307
3008618,243.44426
3008619,89.72123
3008620,40.680496
3008621,79.57122
3008622,1629.6494
3008623,4.2740426
3008624,0.8099235
3008625,8.177365
3008626,5.6804547
3008627,0.21851976
3008628,59.786137
3008629,1.1928607
3008630,1.7326492
3008631,3.528832
3008632,33.52156
3008633,0.23869194
3008634,278.9751
3008635,159.13635
3008636,0.9419504
3008637,1.243531
3008638,161.98514
3008639,17.661823
3008640,354.52545
3008641,0.58574164
3008642,3.3911815
3008643,4.9813533
3008644,0.055258114
3008645,3.6350017
3008646,2496.2522
3008647,0.06207802
3008648,612.92883
3008649,10.602333
3008650,802.4406
3008651,823.10626
3008652,254.17943
3008653,212.18312
3008654,166.6146
3008655,3260.827
3008656,21.611145
3008657,1.7912252
3008658,12.628944
3008659,15.087073
3008660,0.33499527
3008661,143.71068
3008662,4.7736263
3008663,13.970774
3008664,5.788814
3008665,160.7943
3008666,2.3831565
3008667,273.12033
3008668,207.82301
3008669,5.5540237
3008670,5.8579063
3008671,390.1666
3008672,90.515
3008673,1750.9446
3008674,0.63613987
3008675,23.924456
3008676,7.2257233
3008677,0.026900075
3008678,1.9730741
3008679,2351.8618
3008680,0.0
3008681,574.22504
3008682,7.9476
3008683,1043.9844
3008684,669.3296
3008685,347.69965
3008686,244.07738
3008687,99.13407
3008688,3790.5474
3008689,7.276719
3008690,1.2715701
3008691,23.892641
3008692,11.542371
3008693,0.53401643
3008694,179.9629
3008695,0.0
3008696,1.8972458
3008697,7.5176244
3008698,116.58701
3008699,0.69449866
3008700,201.94167
3008701,306.74518
3008702,2.7289102
3008703,3.3882108
3008704,236.10802
3008705,65.86637
3008706,1011.34827
3008707,3.8738823
3008708,6.440281
3008709,3.5077007
3008710,0.2291005
3008711,1.6526233
3008712,1382.965
3008713,0.0
3008714,326.05676
3008715,5.231056
3008716,526.15186
3008717,377.23203
3008718,155.20056
3008719,106.57552
3008720,54.868164
3008721,1955.0776
3008722,5.7775817
3008723,0.6103571
3008724,13.486106
3008725,9.942502
3008726,0.1564909
3008727,124.21352
3008728,0.0
3008729,1.089035
3008730,2.6559496
3008731,66.49995
3008732,0.72827226
3008733,70.71911
3008734,150.95027
3008735,2.2940085
3008736,2.8184168
3008737,111.40482
3008738,38.069317
3008739,633.6542
3008740,2.2073567
3008741,3.819285
3008742,9.4979925
3008743,0.41878402
3008744,9.835337
3008745,6965.323
3008746,0.34370354
3008747,1172.8362
3008748,30.61995
3008749,2078.2256
3008750,2100.8757
3008751,397.37674
3008752,524.3264
3008753,461.9929
3008754,7839.2197
3008755,77.802315
3008756,3.0198226
3008757,46.79571
3008758,37.229263
3008759,1.9385723
3008760,346.1055
3008761,32.85856
3008762,25.184015
3008763,26.774754
3008764,224.6552
3008765,12.87637
3008766,817.4288
3008767,512.8278
3008768,12.489026
3008769,18.87975
3008770,1181.3289
3008771,369.03235
3008772,5433.4556
3008773,0.7991208
3008774,106.34423
3008775,3.1552012
3008776,0.06942817
3008777,0.6301905
3008778,964.5889
3008779,0.0017321855
3008780,154.71944
3008781,2.5825772
3008782,486.44553
3008783,231.4644
3008784,107.21048
3008785,124.41031
3008786,60.58126
3008787,1577.2268
3008788,3.4642632
3008789,0.9262656
3008790,9.857795
3008791,4.986813
3008792,0.29472074
3008793,80.36845
3008794,0.42182162
3008795,0.0014096983
3008796,4.0783424
3008797,54.789436
3008798,0.37001762
3008799,57.875717
3008800,104.93803
3008801,0.8888112
3008802,2.5524495
3008803,100.90751
3008804,23.158155
3008805,331.055
3008806,0.84078026
3008807,3.403285
3008808,7.723976
3008809,0.5783684
3008810,2.6538749
3008811,1875.1257
3008812,0.0
3008813,473.89993
3008814,5.5955477
3008815,1272.2754
3008816,613.9765
3008817,253.10399
3008818,248.96838
3008819,112.9341
3008820,3994.8933
3008821,9.538754
3008822,0.73665917
3008823,15.020825
3008824,13.41109
3008825,0.3870899
3008826,198.33623
3008827,1.547642
3008828,1.1763169
3008829,12.55244
3008830,30.982239
3008831,0.666531
3008832,311.19412
3008833,299.2223
3008834,1.565322
3008835,4.990099
3008836,142.93399
3008837,74.598305
3008838,858.28375
3008839,2.6813204
3008840,5.110476
3008841,1.8263776
3008842,0.046668302
3008843,0.23310623
3008844,623.2381
3008845,0.0039936304
3008846,100.355316
3008847,2.3833473
3008848,450.66873
3008849,149.78117
3008850,98.375916
3008851,141.46704
3008852,29.637672
3008853,1483.0878
3008854,1.7303182
3008855,0.475267
3008856,7.622519
3008857,2.5153246
3008858,0.1609103
3008859,64.90258
3008860,0.002774775
3008861,0.0065189786
3008862,2.212509
3008863,72.51592
3008864,0.10286599
3008865,58.77803
3008866,98.42257
3008867,0.13359739
3008868,0.84806484
3008869,63.4437
3008870,11.278998
3008871,125.83336
3008872,0.8676114
3008873,1.2176654
3008874,7.953218
3008875,0.15877223
3008876,1.1067194
3008877,1408.0023
3008878,0.0029461384
3008879,279.10303
3008880,5.343057
3008881,1076.2543
3008882,403.0748
3008883,201.80772
3008884,175.5182
3008885,78.87981
3008886,3108.8086
3008887,2.977495
3008888,0.7064652
3008889,31.539991
3008890,12.376139
3008891,0.17858395
3008892,155.95645
3008893,0.0
3008894,0.03150579
3008895,12.799119
3008896,65.984955
3008897,0.945469
3008898,255.43842
3008899,241.38867
3008900,0.6982763
3008901,3.2626648
3008902,219.13087
3008903,37.41597
3008904,852.6488
3008905,1.118814
3008906,1.5648614
3008907,3.408885
3008908,0.19530609
3008909,2.8292696
3008910,2324.6152
3008911,0.00014553871
3008912,683.77985
3008913,7.3763304
3008914,918.9858
3008915,595.88873
3008916,253.07094
3008917,118.999535
3008918,132.15924
3008919,3847.0437
3008920,5.5903544
3008921,1.8373737
3008922,26.185682
3008923,23.942698
3008924,0.6744375
3008925,161.78036
3008926,3.7096307
3008927,2.1499012
3008928,9.883878
3008929,52.695145
3008930,1.133973
3008931,183.57976
3008932,319.96585
3008933,1.6633093
3008934,3.9842548
3008935,141.77148
3008936,34.552128
3008937,498.3932
3008938,5.0231824
3008939,3.1009202
3008940,4.433204
3008941,0.0558487
3008942,0.27245846
3008943,1152.9253
3008944,0.0
3008945,92.70252
3008946,1.680243
3008947,479.25827
3008948,164.83679
3008949,83.2751
3008950,177.37398
3008951,54.703583
3008952,1779.2958
3008953,2.9294856
3008954,0.6112293
3008955,7.6018643
3008956,6.237383
3008957,0.20523146
3008958,69.19606
3008959,0.0
3008960,0.05905707
3008961,1.4475188
3008962,44.55116
3008963,0.29227167
3008964,165.32161
3008965,87.8599
3008966,0.28589606
3008967,0.7477009
3008968,58.41369
3008969,17.543537
3008970,232.43097
3008971,0.8120544
3008972,0.48976955
3008973,3.9188476
3008974,0.041317154
3008975,1.4444419
3008976,2089.3057
3008977,0.0
3008978,490.0801
3008979,5.1065183
3008980,875.3002
3008981,530.5769
3008982,210.83441
3008983,118.02892
3008984,104.74008
3008985,3421.132
3008986,6.301645
3008987,0.5204766
3008988,21.58841
3008989,11.514699
3008990,0.20468809
3008991,150.31465
3008992,0.05607809
3008993,8.467642
3008994,3.1658208
3008995,129.96304
3008996,0.61592674
3008997,203.7083
3008998,237.6249
3008999,1.169676
3009000,3.2455869
3009001,121.606514
3009002,53.007187
3009003,932.4428
3009004,5.0223994
3009005,0.9934862
3009006,3.9957082
3009007,0.02249774
3009008,4.337282
3009009,2169.146
3009010,0.15966468
3009011,556.4305
3009012,8.146486
3009013,1051.927
3009014,913.0781
3009015,148.68944
3009016,154.53938
3009017,197.49178
3009018,3678.0735
3009019,46.522762
3009020,1.9283955
3009021,22.488148
3009022,16.349447
3009023,0.3361196
3009024,167.31787
3009025,17.232674
3009026,13.049621
3009027,5.869405
3009028,109.428764
3009029,4.966706
3009030,250.09273
3009031,256.79352
3009032,6.742778
3009033,6.673688
3009034,253.79028
3009035,131.29466
3009036,1956.2548
3009037,0.3174904
3009038,20.046486
3009039,6.653284
3009040,0.013775685
3009041,5.217782
3009042,1897.4874
3009043,0.10386862
3009044,541.22235
3009045,9.929759
3009046,1078.3788
3009047,840.77026
3009048,169.92517
3009049,119.52165
3009050,215.56197
3009051,3806.0583
3009052,26.745174
3009053,1.7577544
3009054,24.322184
3009055,18.547773
3009056,0.14737944
3009057,217.37827
3009058,18.65274
3009059,8.865371
3009060,13.139762
3009061,79.47724
3009062,5.288063
3009063,185.57555
3009064,365.2738
3009065,4.097149
3009066,6.2877316
3009067,163.09456
3009068,120.54997
3009069,1520.4263
3009070,0.3247964
3009071,19.598225
3009072,8.8958845
3009073,0.28234237
3009074,3.9272823
3009075,2372.4329
3009076,0.00025675166
3009077,716.8063
3009078,7.1595635
3009079,1304.132
3009080,538.03973
3009081,190.10481
3009082,407.2047
3009083,93.99083
3009084,4316.3135
3009085,29.016893
3009086,1.8149663
3009087,24.215467
3009088,14.446125
3009089,0.43146992
3009090,215.27354
3009091,4.876705
3009092,8.0827875
3009093,6.8157287
3009094,65.53307
3009095,2.0170064
3009096,252.33914
3009097,311.18625
3009098,2.8602688
3009099,5.7360725
3009100,213.65009
3009101,77.69041
3009102,1136.6833
3009103,1.9452958
3009104,10.939301
3009105,4.0369635
3009106,0.0142519055
3009107,4.1697793
3009108,2260.588
3009109,0.16551444
3009110,411.88278
3009111,6.869846
3009112,888.13727
3009113,815.00104
3009114,218.633
3009115,172.49527
3009116,156.08376
3009117,3391.8354
3009118,20.073454
3009119,1.1356188
3009120,14.770313
3009121,9.570269
3009122,0.39889494
3009123,163.8737
3009124,16.233427
3009125,9.6327
3009126,4.048153
3009127,85.135956
3009128,3.7061293
3009129,369.19885
3009130,230.87425
3009131,4.541198
3009132,5.750715
3009133,463.8516
3009134,100.41798
3009135,1674.9789
3009136,0.22217223
3009137,32.885796
3009138,3.9931476
3009139,0.3215746
3009140,1.1973562
3009141,2407.8972
3009142,0.0029021949
3009143,373.93048
3009144,5.934996
3009145,1419.7412
3009146,489.88336
3009147,258.2185
3009148,145.90561
3009149,74.1097
3009150,4449.9297
3009151,8.9997225
3009152,1.0583612
3009153,22.830286
3009154,16.896904
3009155,0.22091702
3009156,224.4917
3009157,0.0040395036
3009158,0.14696206
3009159,8.300565
3009160,73.234955
3009161,0.9803671
3009162,116.143616
3009163,292.09137
3009164,1.1958798
3009165,4.3989797
3009166,156.26079
3009167,50.940243
3009168,716.9821
3009169,2.123788
3009170,3.203617
3009171,4.93901
3009172,0.03196896
3009173,4.4727254
3009174,1583.3994
3009175,0.032597866
3009176,432.07443
3009177,7.7303915
3009178,884.7407
3009179,576.9769
3009180,198.98322
3009181,119.32053
3009182,188.13625
3009183,2983.2998
3009184,23.204128
3009185,0.7939709
3009186,17.737429
3009187,20.775238
3009188,0.28943887
3009189,152.29752
3009190,8.572196
3009191,10.0517
3009192,8.419087
3009193,73.09023
3009194,5.909613
3009195,174.66397
3009196,269.18723
3009197,4.839228
3009198,4.9089355
3009199,163.608
3009200,59.947006
3009201,1228.4795
3009202,0.63998127
3009203,7.9263997
3009204,1.7793664
3009205,0.015598084
3009206,2.4859514
3009207,1182.6383
3009208,0.1918129
3009209,240.76875
3009210,5.4690375
3009211,381.9742
3009212,391.85956
3009213,72.479744
3009214,59.58006
3009215,75.49969
3009216,1470.0164
3009217,12.937499
3009218,0.5107093
3009219,9.66041
3009220,12.407289
3009221,0.120157816
3009222,99.05201
3009223,8.691242
3009224,11.815533
3009225,2.0972812
3009226,36.61297
3009227,3.9581509
3009228,97.546104
3009229,107.87538
3009230,3.2503474
3009231,3.886162
3009232,108.56807
3009233,36.673397
3009234,1182.7595
3009235,0.26120088
3009236,8.747493
3009237,6.1739225
3009238,0.04744612
3009239,1.1840255
3009240,3087.9429
3009241,0.0
3009242,310.3071
3009243,5.6755104
3009244,1032.7062
3009245,370.49377
3009246,241.86165
3009247,146.26608
3009248,52.95124
3009249,3385.6482
3009250,4.2780004
3009251,1.1824253
3009252,15.710233
3009253,10.477874
3009254,0.1384607
3009255,146.55135
3009256,0.0
3009257,1.0384358
3009258,3.3589208
3009259,89.85481
3009260,1.2095551
3009261,149.01799
3009262,225.89693
3009263,0.70308584
3009264,2.8856463
3009265,175.17563
3009266,61.52833
3009267,516.12384
3009268,1.8435014
3009269,0.7451364
3009270,18.903156
3009271,0.0
3009272,11.950157
3009273,8209.517
3009274,0.34328228
3009275,1407.381
3009276,24.166641
3009277,2559.2234
3009278,2608.6333
3009279,599.4454
3009280,649.2761
3009281,621.18506
3009282,9860.216
3009283,81.472275
3009284,4.2062573
3009285,85.76278
3009286,63.926167
3009287,1.9389745
3009288,426.36554
3009289,21.185692
3009290,13.168769
3009291,19.029984
3009292,334.42758
3009293,12.021193
3009294,972.0925
3009295,563.55414
3009296,21.631966
3009297,28.105665
3009298,1288.4987
3009299,469.35992
3009300,6763.0854
3009301,15.986348
3009302,122.98133
3009303,15.896441
3009304,0.0
3009305,10.11412
3009306,6987.509
3009307,0.37019712
3009308,1158.992
3009309,24.512276
3009310,2524.3625
3009311,2180.8315
3009312,649.3086
3009313,412.8335
3009314,536.82135
3009315,9862.857
3009316,84.495735
3009317,1.087254
3009318,50.24622
3009319,54.33167
3009320,1.3470052
3009321,436.84082
3009322,17.074442
3009323,18.349474
3009324,4.952586
3009325,213.8652
3009326,9.158389
3009327,1200.6594
3009328,645.5785
3009329,14.272955
3009330,20.161987
3009331,1321.9928
3009332,328.49948
3009333,4375.681
3009334,14.1893835
3009335,97.35823
3009336,15.28654
3009337,0.0006866809
3009338,11.907832
3009339,4814.611
3009340,0.12541847
3009341,795.0525
3009342,15.169382
3009343,2303.2485
3009344,1473.117
3009345,818.1952
3009346,176.74068
3009347,403.46875
3009348,8645.044
3009349,42.848644
3009350,1.5018495
3009351,29.013344
3009352,36.52879
3009353,1.3465104
3009354,454.5309
3009355,21.88395
3009356,10.8954935
3009357,6.874071
3009358,123.410385
3009359,4.7745323
3009360,1162.2931
3009361,753.91724
3009362,13.968198
3009363,16.820482
3009364,1029.4236
3009365,174.985
3009366,2010.1437
3009367,11.635254
3009368,50.466194
3009369,16.119394
3009370,8.725468e-05
3009371,12.453009
3009372,6641.0103
3009373,0.37012124
3009374,1122.8456
3009375,18.215828
3009376,2342.9392
3009377,2044.1855
3009378,647.1669
3009379,356.3654
3009380,434.93835
3009381,9370.05
3009382,65.752045
3009383,1.8087132
3009384,42.651714
3009385,47.274136
3009386,1.8283584
3009387,446.49005
3009388,20.074045
3009389,16.611532
3009390,4.994573
3009391,169.44199
3009392,7.7902684
3009393,900.3539
3009394,716.02985
3009395,14.417195
3009396,19.337091
3009397,1185.5032
3009398,287.4679
3009399,4058.8635
3009400,9.958305
3009401,86.08447
3009402,13.86182
3009403,0.0
3009404,10.706846
3009405,3883.8064
3009406,0.036487594
3009407,716.97205
3009408,15.304003
3009409,2161.428
3009410,1241.785
3009411,658.5218
3009412,141.98912
3009413,317.61658
3009414,7734.4106
3009415,43.959484
3009416,0.9026984
3009417,34.54201
3009418,25.828203
3009419,0.8668767
3009420,413.84033
3009421,17.708326
3009422,6.398043
3009423,5.015164
3009424,105.457664
3009425,3.1934373
3009426,980.46106
3009427,719.24274
3009428,10.182529
3009429,14.475839
3009430,907.8515
3009431,131.85965
3009432,1468.6241
3009433,14.314908
3009434,30.13889
3009435,10.645915
3009436,0.0
3009437,8.025285
3009438,5694.528
3009439,0.28560448
3009440,1063.3992
3009441,22.057758
3009442,1722.0482
3009443,1975.2173
3009444,376.3509
3009445,439.7058
3009446,441.43002
3009447,6803.45
3009448,65.96146
3009449,1.7157477
3009450,42.018703
3009451,27.76993
3009452,1.018319
3009453,304.75314
3009454,11.420055
3009455,17.386372
3009456,9.182607
3009457,224.26033
3009458,8.888347
3009459,744.77844
3009460,405.96494
3009461,10.952415
3009462,21.60266
3009463,918.8997
3009464,302.49564
3009465,5061.8516
3009466,7.724517
3009467,87.49809
3009468,5.505019
3009469,0.13504207
3009470,5.1761775
3009471,1556.926
3009472,0.14706352
3009473,385.63043
3009474,16.501589
3009475,986.16846
3009476,532.9681
3009477,247.51636
3009478,111.26952
3009479,163.8872
3009480,3141.1455
3009481,20.02688
3009482,1.0185982
3009483,19.056807
3009484,23.760794
3009485,0.57245594
3009486,152.30043
3009487,9.458564
3009488,3.0021071
3009489,18.001724
3009490,66.320694
3009491,4.116673
3009492,281.3916
3009493,270.58237
3009494,2.003521
3009495,5.0850596
3009496,254.70024
3009497,88.47054
3009498,1047.6835
3009499,0.51946145
3009500,13.252572
3009501,11.635913
3009502,0.0
3009503,7.797248
3009504,3327.5771
3009505,0.18021576
3009506,585.177
3009507,23.541952
3009508,1607.8655
3009509,1036.6448
3009510,463.44046
3009511,113.98838
3009512,271.8958
3009513,6065.5415
3009514,46.84289
3009515,1.5122254
3009516,52.234005
3009517,48.39526
3009518,0.6358808
3009519,286.89102
3009520,13.977347
3009521,5.397847
3009522,5.9211802
3009523,115.31285
3009524,4.934825
3009525,600.1937
3009526,496.86523
3009527,5.981874
3009528,15.084748
3009529,448.93063
3009530,120.53626
3009531,1542.136
3009532,9.355155
3009533,23.467018
3009534,6.9449353
3009535,0.00035056192
3009536,4.9033384
3009537,4211.63
3009538,0.1687188
3009539,869.93274
3009540,10.271141
3009541,1459.3458
3009542,1502.7527
3009543,258.4183
3009544,334.3708
3009545,337.82523
3009546,4959.5767
3009547,32.1578
3009548,1.4332666
3009549,22.232822
3009550,21.358898
3009551,1.1238027
3009552,214.68039
3009553,2.7565682
3009554,17.957994
3009555,6.5009155
3009556,162.42776
3009557,6.2228985
3009558,635.7504
3009559,290.17926
3009560,11.765108
3009561,7.5990195
3009562,877.7381
3009563,167.81976
3009564,3580.7095
3009565,6.4775834
3009566,65.14106
3009567,0.8840542
3009568,0.0
3009569,0.547278
3009570,317.5912
3009571,0.0
3009572,55.920788
3009573,0.75909096
3009574,119.09167
3009575,80.75879
3009576,25.98738
3009577,14.379524
3009578,22.93811
3009579,433.25073
3009580,3.3952813
3009581,0.22819276
3009582,4.054008
3009583,3.5536044
3009584,0.07530132
3009585,25.558247
3009586,0.7293001
3009587,4.641867
3009588,0.5591301
3009589,14.068041
3009590,0.70996636
3009591,34.84591
3009592,26.705332
3009593,1.0004361
3009594,1.9125723
3009595,34.23553
3009596,9.360549
3009597,335.25183
3009598,1.3955487
3009599,0.71101147
3009600,5.0361056
3009601,0.013191398
3009602,3.613045
3009603,1324.9733
3009604,0.049355388
3009605,331.8246
3009606,5.570153
3009607,677.9759
3009608,364.61154
3009609,156.15543
3009610,68.68604
3009611,121.58741
3009612,2034.5612
3009613,11.093901
3009614,0.9643027
3009615,14.991715
3009616,14.449153
3009617,0.09633932
3009618,123.30908
3009619,2.8006797
3009620,3.7880948
3009621,5.3110905
3009622,74.593605
3009623,2.1880376
3009624,178.88788
3009625,185.94669
3009626,2.216765
3009627,3.6798122
3009628,146.38531
3009629,53.40702
3009630,1182.5425
3009631,0.7653759
3009632,4.1698427
3009633,5.7907314
3009634,0.19296141
3009635,0.60599095
3009636,1324.5377
3009637,0.002388835
3009638,221.79532
3009639,3.1400588
3009640,1058.158
3009641,189.70741
3009642,189.20259
3009643,73.28836
3009644,35.68675
3009645,2675.6177
3009646,8.1129055
3009647,0.7088925
3009648,16.043808
3009649,9.312005
3009650,0.18370995
3009651,141.88843
3009652,0.0045064166
3009653,0.0
3009654,4.287565
3009655,23.646055
3009656,0.47744048
3009657,52.509228
3009658,184.43584
3009659,0.107848294
3009660,2.1062803
3009661,54.27862
3009662,62.90306
3009663,375.38315
3009664,0.6428474
3009665,1.7222091
3009666,5.425564
3009667,0.008699708
3009668,5.7739015
3009669,3123.645
3009670,0.04981531
3009671,554.7951
3009672,9.999882
3009673,1242.6742
3009674,988.52124
3009675,346.93262
3009676,203.96806
3009677,232.2645
3009678,4690.7812
3009679,35.121178
3009680,0.9436099
3009681,18.52223
3009682,30.987104
3009683,0.40478918
3009684,216.36958
3009685,20.624828
3009686,7.882142
3009687,7.903685
3009688,94.359474
3009689,3.8821938
3009690,497.22403
3009691,326.6287
3009692,6.3006988
3009693,8.246469
3009694,650.26953
3009695,140.282
3009696,1834.8884
3009697,0.283007
3009698,43.53918
3009699,4.3450003
3009700,0.029202592
3009701,3.692014
3009702,3435.951
3009703,0.13657625
3009704,656.46027
3009705,11.989128
3009706,1061.2052
3009707,1265.0454
3009708,170.42085
3009709,286.74902
3009710,266.45218
3009711,3777.9744
3009712,40.298946
3009713,2.0876703
3009714,15.405463
3009715,14.562769
3009716,0.78113115
3009717,160.72281
3009718,7.7093577
3009719,19.59704
3009720,8.788547
3009721,162.84624
3009722,6.988361
3009723,524.1931
3009724,218.2849
3009725,4.0945344
3009726,7.349367
3009727,632.9419
3009728,183.07536
3009729,3536.5571
3009730,0.34837803
3009731,58.098785
3009732,5.314513
3009733,0.08557866
3009734,7.4173455
3009735,3894.6492
3009736,0.19862944
3009737,767.12976
3009738,15.8595085
3009739,1264.251
3009740,1450.1932
3009741,281.34286
3009742,327.9488
3009743,245.40881
3009744,4776.04
3009745,41.19628
3009746,2.4157913
3009747,31.822315
3009748,27.198727
3009749,1.18361
3009750,247.79135
3009751,26.690323
3009752,17.38702
3009753,22.038519
3009754,149.50893
3009755,8.702743
3009756,516.4966
3009757,332.3712
3009758,10.744688
3009759,11.970242
3009760,625.5209
3009761,210.58572
3009762,3269.404
3009763,0.4425439
3009764,55.764256
3009765,14.116509
3009766,0.2055112
3009767,5.569489
3009768,2842.1038
3009769,0.0
3009770,564.10614
3009771,10.337449
3009772,1740.0939
3009773,775.10504
3009774,594.07635
3009775,197.87231
3009776,130.57451
3009777,6224.9526
3009778,11.468725
3009779,1.8796719
3009780,35.58776
3009781,20.677765
3009782,0.39493427
3009783,307.47772
3009784,10.0856495
3009785,4.4905286
3009786,8.9261875
3009787,52.230614
3009788,1.7604142
3009789,377.9138
3009790,450.34158
3009791,3.5591953
3009792,7.301423
3009793,491.2896
3009794,90.52146
3009795,1034.3289
3009796,5.5879884
3009797,16.604784
3009798,3.3138707
3009799,0.0
3009800,2.4459429
3009801,1639.2422
3009802,0.1324818
3009803,343.50717
3009804,10.437985
3009805,643.4608
3009806,643.2802
3009807,123.853584
3009808,140.21503
3009809,134.30133
3009810,2256.5947
3009811,21.786388
3009812,1.5898468
3009813,15.882413
3009814,13.730161
3009815,0.3565972
3009816,108.014534
3009817,10.025244
3009818,9.282945
3009819,6.4949927
3009820,102.34688
3009821,3.4029999
3009822,314.5213
3009823,131.36359
3009824,3.7062545
3009825,5.6483502
3009826,294.09024
3009827,82.38396
3009828,1550.2727
3009829,0.18606412
3009830,25.952486
3009831,3.1026592
3009832,0.29373735
3009833,1.3684038
3009834,921.6661
3009835,0.0
3009836,113.34082
3009837,2.7943728
3009838,778.42377
3009839,263.19455
3009840,252.93784
3009841,50.013275
3009842,46.376415
3009843,2475.121
3009844,3.6755319
3009845,0.68887275
3009846,7.881953
3009847,5.7148046
3009848,0.18490069
3009849,127.71583
3009850,3.4719331
3009851,0.016005687
3009852,3.1714172
3009853,12.454334
3009854,0.26217467
3009855,184.05072
3009856,180.48058
3009857,0.35197094
3009858,2.4559085
3009859,179.9229
3009860,21.335411
3009861,157.95387
3009862,0.5246432
3009863,2.7765431
3009864,6.738571
3009865,0.20312355
3009866,4.864339
3009867,3737.6855
3009868,0.00035828352
3009869,609.18933
3009870,10.7504015
3009871,1955.9633
3009872,535.90955
3009873,440.6636
3009874,164.23155
3009875,106.37855
3009876,6655.7803
3009877,17.955462
3009878,0.72756916
3009879,25.033636
3009880,14.857311
3009881,0.40980574
3009882,350.84665
3009883,8.415214
3009884,1.6309226
3009885,10.974124
3009886,45.435486
3009887,1.5706409
3009888,619.22
3009889,396.80756
3009890,1.0735625
3009891,8.237604
3009892,522.5162
3009893,56.578964
3009894,836.08044
3009895,4.109497
3009896,8.352706
3009897,4.8127007
3009898,0.112505235
3009899,0.9560819
3009900,1337.1254
3009901,0.0016082674
3009902,182.76492
3009903,6.5357456
3009904,774.43463
3009905,349.0205
3009906,200.51215
3009907,77.90606
3009908,50.0854
3009909,2528.907
3009910,6.3514333
3009911,0.9820968
3009912,11.071517
3009913,8.886534
3009914,0.23138624
3009915,120.08491
3009916,1.3315327
3009917,0.010867559
3009918,6.3525095
3009919,39.120903
3009920,0.8022716
3009921,146.70613
3009922,157.85487
3009923,0.54488796
3009924,3.1358464
3009925,187.28413
3009926,34.25792
3009927,216.63933
3009928,0.5434596
3009929,2.677226
3009930,5.6309094
3009931,0.0
3009932,1.2849774
3009933,1329.2023
3009934,0.0
3009935,161.20947
3009936,4.3703833
3009937,788.82117
3009938,281.9343
3009939,161.7853
3009940,54.569965
3009941,34.815388
3009942,2762.9846
3009943,7.3886375
3009944,0.5309024
3009945,11.400114
3009946,8.642601
3009947,0.15278076
3009948,114.54194
3009949,2.937476
3009950,0.012697679
3009951,2.8853054
3009952,33.18473
3009953,0.48301226
3009954,153.41249
3009955,183.5437
3009956,0.25651312
3009957,2.5280595
3009958,122.81231
3009959,28.375874
3009960,126.869835
3009961,0.41649374
3009962,1.9025109
3009963,3.654478
3009964,0.0078067724
3009965,1.1368792
3009966,992.6116
3009967,0.0
3009968,189.72308
3009969,4.921644
3009970,1093.039
3009971,368.67853
3009972,227.59724
3009973,37.771763
3009974,64.18888
3009975,2661.6357
3009976,6.013218
3009977,0.35676688
3009978,13.15376
3009979,13.214234
3009980,0.19212337
3009981,164.15248
3009982,1.053014
3009983,0.0047683716
3009984,4.6056066
3009985,25.52407
3009986,0.8414071
3009987,292.64386
3009988,278.27197
3009989,0.46474454
3009990,3.1838675
3009991,97.17294
3009992,62.434376
3009993,243.90273
3009994,0.33025384
3009995,3.9146624
3009996,2.6955028
3009997,1.0560758
3009998,1.8757684
3009999,1280.0476
3010000,0.00026489608
3010001,152.33769
3010002,3.210023
3010003,880.0806
3010004,316.2403
3010005,277.50558
3010006,81.50018
3010007,67.214905
3010008,2747.6072
3010009,9.633245
3010010,0.91686094
3010011,31.961311
3010012,11.129463
3010013,0.11394772
3010014,157.309
3010015,6.0440273
3010016,0.010883517
3010017,4.898277
3010018,24.701048
3010019,0.7862512
3010020,126.73157
3010021,183.43686
3010022,0.42683297
3010023,2.830217
3010024,130.37903
3010025,31.610125
3010026,415.04108
3010027,0.42451522
3010028,5.139875
3010029,5.7614956
3010030,0.10040913
3010031,0.8512388
3010032,1129.837
3010033,0.0
3010034,202.23361
3010035,3.8314223
3010036,1008.5427
3010037,255.64165
3010038,216.25902
3010039,184.0366
3010040,43.341343
3010041,2568.7017
3010042,5.736627
3010043,0.5962284
3010044,13.56982
3010045,8.273379
3010046,0.124857605
3010047,143.99803
3010048,0.0
3010049,0.016497625
3010050,3.7862601
3010051,36.097126
3010052,0.60852563
3010053,75.54894
3010054,197.43018
3010055,0.27649882
3010056,2.0712504
3010057,95.47667
3010058,42.042435
3010059,397.14203
3010060,1.508113
3010061,2.6013398
3010062,6.287343
3010063,0.16050296
3010064,1.8710101
3010065,2493.9023
3010066,0.0
3010067,255.93736
3010068,4.9914103
3010069,1079.6353
3010070,570.71985
3010071,435.51807
3010072,187.84868
3010073,100.37898
3010074,3909.984
3010075,8.262055
3010076,0.7388064
3010077,18.005886
3010078,16.790863
3010079,0.17982972
3010080,202.11122
3010081,2.0833762
3010082,0.13067633
3010083,5.5242147
3010084,39.8205
3010085,1.3266189
3010086,255.05737
3010087,233.55942
3010088,1.0646244
3010089,5.4809356
3010090,309.8946
3010091,66.761185
3010092,798.0858
3010093,0.5297467
3010094,11.278007
3010095,3.8166842
3010096,0.102959216
3010097,2.000613
3010098,1702.0498
3010099,0.0
3010100,655.6017
3010101,4.8887115
3010102,603.8103
3010103,488.12823
3010104,208.5227
3010105,163.69922
3010106,58.259842
3010107,2485.7273
3010108,17.019047
3010109,0.9689696
3010110,15.277637
3010111,8.902911
3010112,0.16351305
3010113,115.56963
3010114,6.6617856
3010115,1.4816396
3010116,4.182896
3010117,58.043533
3010118,1.2235682
3010119,97.94135
3010120,151.1546
3010121,1.9579357
3010122,4.544727
3010123,200.93842
3010124,50.621033
3010125,929.87286
3010126,1.8422891
3010127,8.997545
3010128,6.779155
3010129,0.123003155
3010130,1.6336986
3010131,2027.0776
3010132,0.0
3010133,179.6994
3010134,5.624809
3010135,941.45935
3010136,304.83624
3010137,283.6111
3010138,67.25148
3010139,63.977432
3010140,3084.3127
3010141,10.028931
3010142,1.292425
3010143,15.234306
3010144,9.013208
3010145,0.17079714
3010146,133.69868
3010147,5.652603
3010148,0.016396128
3010149,4.60427
3010150,34.000633
3010151,1.0739223
3010152,142.86159
3010153,191.25908
3010154,0.6060303
3010155,3.1548765
3010156,127.62511
3010157,33.89143
3010158,283.21603
3010159,0.530339
3010160,4.2468557
3010161,5.5476556
3010162,0.05267954
3010163,4.722391
3010164,2551.4182
3010165,0.14932886
3010166,562.8348
3010167,8.514067
3010168,971.6423
3010169,882.90314
3010170,248.70807
3010171,187.48282
3010172,166.80241
3010173,3999.7356
3010174,31.851782
3010175,1.203586
3010176,18.846704
3010177,15.2211275
3010178,0.4986311
3010179,189.86687
3010180,18.813402
3010181,8.333163
3010182,8.736351
3010183,88.55349
3010184,4.0285554
3010185,505.49527
3010186,269.33102
3010187,5.7416224
3010188,6.074352
3010189,502.9016
3010190,126.93522
3010191,1769.3171
3010192,0.4933687
3010193,32.611935
3010194,4.778158
3010195,0.32914108
3010196,3.0506837
3010197,1735.8774
3010198,6.973068e-05
3010199,274.81366
3010200,4.221723
3010201,743.6423
3010202,435.80377
3010203,346.1434
3010204,71.443886
3010205,63.24676
3010206,3006.551
3010207,7.5579877
3010208,0.44923058
3010209,16.150976
3010210,8.970899
3010211,0.108007275
3010212,172.35457
3010213,4.4764986
3010214,3.2802508
3010215,2.0097883
3010216,24.765236
3010217,0.67570186
3010218,169.00754
3010219,224.88309
3010220,1.5547099
3010221,2.9569476
3010222,215.6742
3010223,47.11095
3010224,530.82086
3010225,2.6635504
3010226,7.3337655
3010227,4.9341016
3010228,0.3051553
3010229,2.3159692
3010230,1231.0165
3010231,0.0
3010232,232.07741
3010233,3.577326
3010234,608.56305
3010235,267.36182
3010236,154.21564
3010237,103.57244
3010238,46.65064
3010239,1999.2314
3010240,6.4592953
3010241,0.45034763
3010242,16.721579
3010243,14.051707
3010244,0.15060765
3010245,152.67542
3010246,2.5703306
3010247,1.1925105
3010248,4.393859
3010249,32.375595
3010250,1.0122483
3010251,53.084187
3010252,154.52542
3010253,0.89739865
3010254,3.808522
3010255,82.742584
3010256,48.833065
3010257,605.13837
3010258,2.2822802
3010259,2.7519467
3010260,2.3036869
3010261,0.12465145
3010262,0.65650445
3010263,535.2425
3010264,8.3609484e-05
3010265,56.936684
3010266,3.828199
3010267,262.00528
3010268,127.67931
3010269,68.698265
3010270,22.306322
3010271,31.690763
3010272,978.29956
3010273,2.4549248
3010274,0.4364575
3010275,17.073019
3010276,7.9795794
3010277,0.14600198
3010278,66.09997
3010279,0.22491288
3010280,0.008084338
3010281,3.0124633
3010282,13.679249
3010283,1.1935315
3010284,45.057133
3010285,67.03252
3010286,0.40400064
3010287,2.3731184
3010288,51.551064
3010289,19.130722
3010290,169.07832
3010291,0.22844975
3010292,0.9133282
3010293,2.284892
3010294,0.0
3010295,1.5730606
3010296,1211.3774
3010297,0.054815657
3010298,274.31943
3010299,9.312691
3010300,571.1593
3010301,477.83752
3010302,132.90039
3010303,54.755405
3010304,103.93029
3010305,1995.319
3010306,24.563152
3010307,0.13896546
3010308,7.1962004
3010309,9.474913
3010310,0.21144998
3010311,92.47364
3010312,7.287696
3010313,1.00276
3010314,4.436518
3010315,55.305466
3010316,2.2763407
3010317,628.43024
3010318,141.42168
3010319,1.8713596
3010320,2.64883
3010321,307.0079
3010322,49.834904
3010323,845.33344
3010324,0.18687126
3010325,15.394964
3010326,3.259939
3010327,0.046182543
3010328,5.0398607
3010329,2891.643
3010330,0.14434655
3010331,702.49585
3010332,11.457644
3010333,1101.5923
3010334,1103.201
3010335,253.3461
3010336,201.88838
3010337,212.90594
3010338,3780.0989
3010339,25.928057
3010340,1.1779852
3010341,16.452436
3010342,30.358768
3010343,0.3716318
3010344,183.4239
3010345,9.013998
3010346,13.945663
3010347,9.047833
3010348,99.98098
3010349,6.911117
3010350,383.39307
3010351,264.11145
3010352,9.522115
3010353,7.7479024
3010354,499.44235
3010355,127.71762
3010356,2415.3162
3010357,0.56987655
3010358,34.872932
3010359,2.1027796
3010360,0.01899716
3010361,2.3712769
3010362,1750.2365
3010363,0.0801026
3010364,286.01675
3010365,4.6915417
3010366,456.88995
3010367,472.0948
3010368,124.12253
3010369,104.46747
3010370,173.88641
3010371,1676.153
3010372,11.564971
3010373,0.88405436
3010374,19.772413
3010375,11.809889
3010376,0.1432484
3010377,70.329414
3010378,0.0
3010379,10.514164
3010380,7.656965
3010381,175.33989
3010382,3.4946713
3010383,197.05412
3010384,105.440605
3010385,2.1868289
3010386,3.444146
3010387,157.98827
3010388,50.306416
3010389,918.8404
3010390,0.35183924
3010391,5.3182216
3010392,3.54662
3010393,0.06621457
3010394,0.92270106
3010395,816.9608
3010396,0.008174214
3010397,222.90929
3010398,4.6901197
3010399,433.00638
3010400,243.0692
3010401,89.50449
3010402,40.58272
3010403,79.92182
3010404,1604.5173
3010405,4.280193
3010406,0.8100508
3010407,8.1734
3010408,5.6856394
3010409,0.21828811
3010410,59.790882
3010411,1.1923195
3010412,1.7168006
3010413,3.495504
3010414,34.45753
3010415,0.23880218
3010416,279.76517
3010417,159.0775
3010418,0.9409052
3010419,1.2617633
3010420,162.19803
3010421,17.555426
3010422,355.24432
3010423,0.6103777
3010424,3.3828306
3010425,4.9627585
3010426,0.055014383
3010427,3.6293275
3010428,2505.2761
3010429,0.06398181
3010430,612.2641
3010431,10.576235
3010432,803.88556
3010433,823.16156
3010434,253.60347
3010435,212.43202
3010436,166.47743
3010437,3258.8264
3010438,21.588135
3010439,1.7810053
3010440,12.756517
3010441,15.047098
3010442,0.33458695
3010443,143.81839
3010444,4.770504
3010445,13.840676
3010446,5.771444
3010447,161.16211
3010448,2.3808541
3010449,272.80963
3010450,208.45605
3010451,5.5499253
3010452,5.841957
3010453,389.60074
3010454,90.538025
3010455,1758.2328
3010456,0.64098406
3010457,23.943947
3010458,7.2303514
3010459,0.026070798
3010460,1.9810191
3010461,2348.5645
3010462,0.0011023395
3010463,574.0223
3010464,7.9625535
3010465,1044.813
3010466,668.9935
3010467,347.08737
3010468,244.32591
3010469,99.10119
3010470,3785.4136
3010471,7.301584
3010472,1.2806093
3010473,23.688934
3010474,11.656285
3010475,0.5379521
3010476,179.63365
3010477,0.0
3010478,1.9024041
3010479,7.5253124
3010480,117.9987
3010481,0.7091261
3010482,201.55779
3010483,306.5575
3010484,2.7159684
3010485,3.3693593
3010486,236.25978
3010487,65.85434
3010488,1008.042
3010489,3.9149818
3010490,6.391187
3010491,3.5245926
3010492,0.23845792
3010493,1.6615139
3010494,1387.6797
3010495,0.00079229474
3010496,325.61182
3010497,5.2437043
3010498,527.16296
3010499,379.1297
3010500,156.31178
3010501,106.65273
3010502,55.454777
3010503,1947.6035
3010504,5.7661624
3010505,0.6067851
3010506,13.442208
3010507,9.927421
3010508,0.15605131
3010509,124.126854
3010510,0.0
3010511,1.0932326
3010512,2.6702337
3010513,66.50713
3010514,0.7352805
3010515,70.96173
3010516,150.35893
3010517,2.2911117
3010518,2.7968657
3010519,111.40315
3010520,38.279354
3010521,630.07385
3010522,2.1718526
3010523,3.7863472
3010524,9.471515
3010525,0.42726842
3010526,9.771588
3010527,6950.9375
3010528,0.3428832
3010529,1171.8546
3010530,30.552998
3010531,2079.5955
3010532,2102.1333
3010533,396.93982
3010534,523.34143
3010535,462.20618
3010536,7838.4995
3010537,77.685165
3010538,3.0391805
3010539,46.485905
3010540,37.390717
3010541,1.9306062
3010542,345.7901
3010543,33.179558
3010544,25.175882
3010545,26.66303
3010546,223.95638
3010547,12.854306
3010548,816.30725
3010549,511.58713
3010550,12.488366
3010551,18.84976
3010552,1177.6318
3010553,369.12146
3010554,5439.9976
3010555,0.8042511
3010556,106.27509
3010557,3.1659625
3010558,0.06827561
3010559,0.63054657
3010560,963.0132
3010561,0.0
3010562,154.86118
3010563,2.5702803
3010564,486.19064
3010565,231.71825
3010566,107.27359
3010567,124.15871
3010568,61.364845
3010569,1579.3593
3010570,3.441375
3010571,0.9187753
3010572,9.87114
3010573,4.946716
3010574,0.30005565
3010575,80.833435
3010576,0.42545047
3010577,0.0
3010578,4.0556607
3010579,54.94931
3010580,0.37128055
3010581,57.88248
3010582,104.6732
3010583,0.8955078
3010584,2.570289
3010585,101.20535
3010586,23.165813
3010587,330.85104
3010588,0.8324148
3010589,3.4202049
3010590,7.726162
3010591,0.58144367
3010592,2.6551797
3010593,1875.1202
3010594,0.0
3010595,473.72495
3010596,5.6076326
3010597,1272.0388
3010598,613.43146
3010599,252.6899
3010600,247.74619
3010601,112.019066
3010602,3999.9832
3010603,9.489827
3010604,0.73371375
3010605,15.02007
3010606,13.423473
3010607,0.38156626
3010608,199.43352
3010609,1.5538205
3010610,1.1708776
3010611,12.610561
3010612,30.68837
3010613,0.67051864
3010614,311.82922
3010615,299.18814
3010616,1.5603645
3010617,4.960373
3010618,143.23946
3010619,74.34274
3010620,855.89685
3010621,2.7657723
3010622,5.06725
3010623,1.8314996
3010624,0.046869416
3010625,0.24211289
3010626,622.61127
3010627,0.00094265863
3010628,100.1297
3010629,2.3846478
3010630,453.239
3010631,149.67448
3010632,98.37919
3010633,140.87608
3010634,29.98584
3010635,1483.2616
3010636,1.7142437
3010637,0.48278522
3010638,7.648284
3010639,2.5077298
3010640,0.16110991
3010641,64.69295
3010642,0.0
3010643,0.006635756
3010644,2.1966949
3010645,72.37675
3010646,0.10380595
3010647,58.69671
3010648,98.244194
3010649,0.13025102
3010650,0.8570341
3010651,63.446854
3010652,11.255189
3010653,125.56662
3010654,0.89105624
3010655,1.2278854
3010656,7.941521
3010657,0.1606702
3010658,1.1094292
3010659,1412.4546
3010660,0.0
3010661,278.57187
3010662,5.4011617
3010663,1075.6475
3010664,403.50854
3010665,201.91115
3010666,174.80629
3010667,78.46851
3010668,3110.1057
3010669,2.9643657
3010670,0.6949153
3010671,31.613277
3010672,12.463202
3010673,0.17690876
3010674,155.36333
3010675,0.0
3010676,0.03015187
3010677,12.804501
3010678,65.33058
3010679,0.9656809
3010680,256.11093
3010681,241.56923
3010682,0.7108909
3010683,3.2619035
3010684,219.11115
3010685,37.356342
3010686,855.0343
3010687,1.139658
3010688,1.5739988
3010689,3.3982558
3010690,0.1960485
3010691,2.828918
3010692,2317.7341
3010693,0.0020372495
3010694,683.6866
3010695,7.403233
3010696,919.0983
3010697,594.8427
3010698,252.6533
3010699,118.72608
3010700,133.25827
3010701,3838.8367
3010702,5.5064154
3010703,1.8362393
3010704,26.365074
3010705,23.943718
3010706,0.67117697
3010707,161.59364
3010708,3.7068384
3010709,2.159391
3010710,9.9341135
3010711,53.225258
3010712,1.1467574
3010713,183.544
3010714,320.24112
3010715,1.6846107
3010716,3.9917667
3010717,141.91289
3010718,34.660522
3010719,498.54742
3010720,5.015837
3010721,3.0931215
3010722,4.4343925
3010723,0.057234857
3010724,0.27210894
3010725,1154.5378
3010726,0.0014791731
3010727,92.587555
3010728,1.6553937
3010729,480.26227
3010730,164.67398
3010731,83.46324
3010732,176.08862
3010733,54.539074
3010734,1778.6166
3010735,2.914829
3010736,0.6145988
3010737,7.617648
3010738,6.2632656
3010739,0.20428549
3010740,69.45591
3010741,0.00011453591
3010742,0.054159667
3010743,1.4550781
3010744,44.836803
3010745,0.29450288
3010746,165.32285
3010747,87.98196
3010748,0.28596553
3010749,0.7534599
3010750,58.53528
3010751,17.557905
3010752,231.75304
3010753,0.78703666
3010754,0.50217
3010755,3.890259
3010756,0.040161096
3010757,1.4450573
3010758,2086.9348
3010759,0.00045122858
3010760,490.1048
3010761,5.0878844
3010762,874.4835
3010763,530.29333
3010764,211.63467
3010765,117.25608
3010766,104.52711
3010767,3424.2559
3010768,6.208794
3010769,0.5218744
3010770,21.540928
3010771,11.528753
3010772,0.19959405
3010773,150.6964
3010774,0.059161626
3010775,8.509683
3010776,3.184891
3010777,128.17453
3010778,0.61230725
3010779,203.93698
3010780,238.13463
3010781,1.1873236
3010782,3.2463017
3010783,121.86747
3010784,52.8591
3010785,932.28986
3010786,5.033896
3010787,0.9988268
3010788,4.0663548
3010789,0.022236971
3010790,4.348982
3010791,2165.7356
3010792,0.1601869
3010793,556.10956
3010794,8.140979
3010795,1051.3702
3010796,912.0616
3010797,148.55681
3010798,154.59537
3010799,198.66644
3010800,3674.626
3010801,46.479137
3010802,1.9157032
3010803,22.707758
3010804,16.219374
3010805,0.3346167
3010806,167.457
3010807,17.259708
3010808,13.093229
3010809,5.860226
3010810,109.41612
3010811,4.9767604
3010812,249.15936
3010813,256.27722
3010814,6.7827625
3010815,6.721454
3010816,253.80844
3010817,131.2947
3010818,1952.9799
3010819,0.31425837
3010820,20.058695
3010821,6.650221
3010822,0.015845608
3010823,5.2178783
3010824,1896.8207
3010825,0.1010622
3010826,540.08325
3010827,9.888727
3010828,1076.5721
3010829,840.98883
3010830,169.56194
3010831,119.35148
3010832,217.38377
3010833,3815.801
3010834,26.796824
3010835,1.735977
3010836,24.118235
3010837,18.592154
3010838,0.14840715
3010839,217.10019
3010840,18.488073
3010841,8.976372
3010842,13.151076
3010843,79.642456
3010844,5.307752
3010845,185.42064
3010846,364.31995
3010847,4.1034307
3010848,6.2776694
3010849,163.05396
3010850,120.624565
3010851,1528.4594
3010852,0.3260325
3010853,19.577824
3010854,8.884488
3010855,0.2773223
3010856,3.9466794
3010857,2367.09
3010858,0.0021007322
3010859,716.8905
3010860,7.0933533
3010861,1307.0834
3010862,537.4154
3010863,190.465
3010864,405.16666
3010865,94.06426
3010866,4314.493
3010867,28.812586
3010868,1.8066406
3010869,24.142561
3010870,14.432019
3010871,0.4297488
3010872,215.79944
3010873,4.8509064
3010874,8.079789
3010875,6.787711
3010876,65.55672
3010877,2.028367
3010878,248.07634
3010879,311.44086
3010880,2.857155
3010881,5.7483425
3010882,213.62039
3010883,77.66935
3010884,1135.1147
3010885,1.9521223
3010886,10.898949
3010887,4.0468483
3010888,0.014188703
3010889,4.1484494
3010890,2252.4077
3010891,0.16672732
3010892,412.4527
3010893,6.835115
3010894,887.8342
3010895,814.3466
3010896,218.01048
3010897,172.0994
3010898,156.38419
3010899,3389.0815
3010900,20.183693
3010901,1.1438404
3010902,14.756419
3010903,9.577412
3010904,0.40316767
3010905,164.4528
3010906,16.245308
3010907,9.569928
3010908,4.128527
3010909,85.07897
3010910,3.697004
3010911,368.0566
3010912,230.25473
3010913,4.498095
3010914,5.7575555
3010915,463.06223
3010916,100.1544
3010917,1668.1406
3010918,0.22313656
3010919,32.877
3010920,4.004857
3010921,0.3133899
3010922,1.2030935
3010923,2403.9119
3010924,0.0
3010925,373.41803
3010926,5.9672885
3010927,1418.793
3010928,490.29877
3010929,257.9402
3010930,145.76762
3010931,74.25023
3010932,4451.677
3010933,8.99132
3010934,1.0350647
3010935,22.872843
3010936,16.859686
3010937,0.22146307
3010938,224.98488
3010939,0.0
3010940,0.14441182
3010941,8.318962
3010942,72.44044
3010943,0.9770625
3010944,116.30517
3010945,292.92062
3010946,1.200192
3010947,4.374639
3010948,156.4476
3010949,50.92941
3010950,716.23224
3010951,2.0983438
3010952,3.217393
3010953,4.949264
3010954,0.031249763
3010955,4.478444
3010956,1579.7112
3010957,0.03090334
3010958,430.7987
3010959,7.7702327
3010960,889.44244
3010961,576.46735
3010962,198.60484
3010963,119.47937
3010964,185.4652
3010965,2990.543
3010966,23.159597
3010967,0.79476666
3010968,18.166168
3010969,20.698696
3010970,0.29254094
3010971,152.11401
3010972,8.560186
3010973,10.060071
3010974,8.376924
3010975,72.81696
3010976,5.8853254
3010977,174.48122
3010978,267.675
3010979,4.837254
3010980,4.940044
3010981,163.78514
3010982,59.920067
3010983,1231.0463
3010984,0.59271336
3010985,7.886163
3010986,1.7746477
3010987,0.015418688
3010988,2.4910836
3010989,1179.1351
3010990,0.19491987
3010991,241.62439
3010992,5.507129
3010993,383.6185
3010994,390.94165
3010995,72.14494
3010996,60.09591
3010997,75.16146
3010998,1468.396
3010999,13.023948
3011000,0.5104738
3011001,9.559617
3011002,12.546746
3011003,0.1202935
3011004,99.64962
3011005,8.599961
3011006,11.914047
3011007,2.1140037
3011008,36.51771
3011009,3.9554327
3011010,97.13624
3011011,107.31116
3011012,3.2745814
3011013,3.8688486
3011014,108.06211
3011015,36.866966
3011016,1187.3813
3011017,0.26141515
3011018,8.741802
3011019,6.1580405
3011020,0.048106182
3011021,1.1856388
3011022,3084.4106
3011023,0.0028896965
3011024,309.89755
3011025,5.642838
3011026,1032.488
3011027,372.1458
3011028,241.77092
3011029,145.83257
3011030,53.125797
3011031,3386.8977
3011032,4.23855
3011033,1.1805665
3011034,15.652171
3011035,10.40137
3011036,0.1357586
3011037,146.80687
3011038,0.0
3011039,1.0308113
3011040,3.3210773
3011041,89.904785
3011042,1.2156123
3011043,148.9305
3011044,225.60757
3011045,0.69997746
3011046,2.8925714
3011047,173.2297
3011048,61.360027
3011049,518.39246
3011050,1.820126
3011051,0.75414157
3011052,18.861483
3011053,0.004297346
3011054,11.966823
3011055,8216.534
3011056,0.32966673
3011057,1407.1604
3011058,23.842594
3011059,2558.71
3011060,2605.5894
3011061,598.82477
3011062,647.8378
3011063,627.4039
3011064,9859.13
3011065,81.434975
3011066,4.1709585
3011067,85.68918
3011068,64.09917
3011069,1.9355834
3011070,426.13593
3011071,21.184464
3011072,13.184437
3011073,18.893393
3011074,333.9791
3011075,12.09824
3011076,971.72876
3011077,565.5179
3011078,21.585253
3011079,28.013258
3011080,1287.7153
3011081,469.4289
3011082,6765.527
3011083,16.442152
3011084,122.53995
3011085,15.930652
3011086,0.0
3011087,10.103045
3011088,6973.083
3011089,0.3695548
3011090,1160.9023
3011091,24.497221
3011092,2527.5347
3011093,2177.1526
3011094,650.45966
3011095,412.40112
3011096,533.4297
3011097,9873.552
3011098,84.09913
3011099,1.0852593
3011100,50.431755
3011101,54.52965
3011102,1.3354541
3011103,436.57877
3011104,17.04469
3011105,18.297003
3011106,4.919747
3011107,212.72887
3011108,9.280694
3011109,1198.5619
3011110,647.5289
3011111,14.296362
3011112,20.059523
3011113,1320.8375
3011114,328.71576
3011115,4363.396
3011116,14.642442
3011117,97.07454
3011118,15.283134
3011119,0.0
3011120,11.993241
3011121,4822.2246
3011122,0.12907293
3011123,793.1843
3011124,15.228996
3011125,2304.3513
3011126,1479.058
3011127,817.20624
3011128,177.04268
3011129,408.83252
3011130,8628.814
3011131,42.799522
3011132,1.4952663
3011133,28.82108
3011134,36.917885
3011135,1.3240712
3011136,452.47055
3011137,21.770079
3011138,10.932629
3011139,6.9216595
3011140,122.87793
3011141,4.7934713
3011142,1161.1503
3011143,755.0929
3011144,14.021728
3011145,16.756277
3011146,1026.407
3011147,175.03442
3011148,2003.0857
3011149,11.778573
3011150,50.571156
3011151,16.02522
3011152,0.00022077747
3011153,12.460772
3011154,6637.945
3011155,0.3673925
3011156,1121.674
3011157,18.186768
3011158,2338.745
3011159,2043.0302
3011160,645.6969
3011161,355.9648
3011162,438.8295
3011163,9344.977
3011164,65.85145
3011165,1.8012162
3011166,42.653183
3011167,47.928204
3011168,1.8381635
3011169,446.1346
3011170,19.9974
3011171,16.563627
3011172,4.9452076
3011173,169.36313
3011174,7.7773757
3011175,899.52527
3011176,714.8762
3011177,14.431006
3011178,19.21272
3011179,1186.1105
3011180,287.06534
3011181,4043.106
3011182,10.540333
3011183,85.93396
3011184,13.808176
3011185,0.00075271167
3011186,10.665557
3011187,3880.635
3011188,0.03533723
3011189,714.75476
3011190,15.394155
3011191,2161.3489
3011192,1243.8159
3011193,656.4729
3011194,141.29004
3011195,316.95935
3011196,7736.5967
3011197,43.993202
3011198,0.8978536
3011199,34.74659
3011200,25.657658
3011201,0.86189365
3011202,415.32132
3011203,17.794521
3011204,6.3763366
3011205,4.9426966
3011206,105.660835
3011207,3.1884623
3011208,980.28357
3011209,721.66113
3011210,10.234229
3011211,14.576491
3011212,907.31964
3011213,131.35847
3011214,1464.022
3011215,14.46838
3011216,30.048153
3011217,10.655354
3011218,0.0007806979
3011219,8.004985
3011220,5698.9443
3011221,0.2898306
3011222,1064.254
3011223,22.084063
3011224,1723.9912
3011225,1973.5101
3011226,375.49188
3011227,439.61774
3011228,445.4503
3011229,6797.8364
3011230,65.78199
3011231,1.7398793
3011232,42.85594
3011233,27.72046
3011234,1.0151492
3011235,306.32578
3011236,11.397768
3011237,17.313389
3011238,9.12925
3011239,223.99915
3011240,8.943541
3011241,744.44293
3011242,405.35757
3011243,10.93198
3011244,21.58927
3011245,917.13763
3011246,302.2105
3011247,5087.785
3011248,7.9397855
3011249,87.208206
3011250,5.5272985
3011251,0.13527896
3011252,5.174284
3011253,1555.7356
3011254,0.14602686
3011255,385.5838
3011256,16.519209
3011257,985.7913
3011258,531.9336
3011259,246.99742
3011260,111.16282
3011261,165.10966
3011262,3139.5747
3011263,20.003729
3011264,1.0209962
3011265,19.152008
3011266,23.616535
3011267,0.5730481
3011268,152.22731
3011269,9.447111
3011270,2.9973426
3011271,17.931814
3011272,66.09157
3011273,4.1196103
3011274,280.9562
3011275,270.07645
3011276,2.0092182
3011277,5.0923657
3011278,254.43657
3011279,88.52688
3011280,1045.0591
3011281,0.49040154
3011282,13.200038
3011283,11.668525
3011284,0.0
3011285,7.803932
3011286,3330.5637
3011287,0.18915334
3011288,585.1396
3011289,23.499773
3011290,1606.2394
3011291,1038.5414
3011292,462.92078
3011293,113.91742
3011294,274.4277
3011295,6058.0537
3011296,46.910397
3011297,1.5106989
3011298,52.57111
3011299,48.1341
3011300,0.6357791
3011301,287.72644
3011302,14.122976
3011303,5.3941503
3011304,5.8832655
3011305,115.14194
3011306,4.9591146
3011307,600.3627
3011308,497.3886
3011309,5.952619
3011310,15.041345
3011311,449.03207
3011312,120.750824
3011313,1533.9686
3011314,10.017259
3011315,23.4728
3011316,6.9393997
3011317,0.0027575009
3011318,4.91323
3011319,4198.3413
3011320,0.16550598
3011321,869.9107
3011322,10.231168
3011323,1459.7944
3011324,1504.1748
3011325,258.07333
3011326,334.36975
3011327,336.49066
3011328,4955.866
3011329,32.10085
3011330,1.4171519
3011331,22.211344
3011332,21.196772
3011333,1.1090227
3011334,214.32816
3011335,2.7179644
3011336,17.869553
3011337,6.447529
3011338,162.81523
3011339,6.2031155
3011340,634.4554
3011341,289.89157
3011342,11.750012
3011343,7.6027155
3011344,875.1365
3011345,167.77667
3011346,3584.7407
3011347,6.5516467
3011348,65.10212
3011349,0.8804268
3011350,0.0029098503
3011351,0.5555713
3011352,312.25357
3011353,0.0
3011354,56.414368
3011355,0.7610713
3011356,118.642876
3011357,82.26608
3011358,26.294683
3011359,14.579319
3011360,23.885286
3011361,434.38144
3011362,3.325953
3011363,0.2316843
3011364,3.9958057
3011365,3.5940843
3011366,0.074287996
3011367,25.769266
3011368,0.73712635
3011369,4.543948
3011370,0.5682243
3011371,14.183339
3011372,0.71452004
3011373,34.658657
3011374,26.973188
3011375,1.0207478
3011376,1.9730141
3011377,33.708855
3011378,9.309555
3011379,335.4604
3011380,1.358418
3011381,0.7191968
3011382,5.0389
3011383,0.016113807
3011384,3.6027777
3011385,1324.069
3011386,0.04873271
3011387,331.8234
3011388,5.603934
3011389,678.5261
3011390,363.94583
3011391,156.28989
3011392,68.969
3011393,120.67296
3011394,2041.2195
3011395,11.003284
3011396,0.9645941
3011397,14.989463
3011398,14.593788
3011399,0.09784921
3011400,123.25535
3011401,2.793446
3011402,3.8354745
3011403,5.2774878
3011404,74.00193
3011405,2.2165556
3011406,178.6675
3011407,187.33711
3011408,2.2128828
3011409,3.6953619
3011410,146.5715
3011411,53.511753
3011412,1180.2649
3011413,0.78511655
3011414,4.15909
3011415,5.7994723
3011416,0.19594333
3011417,0.6070004
3011418,1325.6031
3011419,0.0004730858
3011420,220.96225
3011421,3.115898
3011422,1056.0826
3011423,190.11089
3011424,188.7899
3011425,73.296165
3011426,35.485
3011427,2677.6375
3011428,8.074084
3011429,0.71396387
3011430,16.017408
3011431,9.30072
3011432,0.18068191
3011433,141.78151
3011434,0.0014382266
3011435,0.00016317144
3011436,4.265788
3011437,23.551933
3011438,0.47303757
3011439,52.3928
3011440,183.99109
3011441,0.10810175
3011442,2.1014006
3011443,54.516582
3011444,62.86831
3011445,376.78857
3011446,0.6524851
3011447,1.7286155
3011448,5.398737
3011449,0.00694742
3011450,5.7840657
3011451,3115.153
3011452,0.04944716
3011453,555.58777
3011454,9.958857
3011455,1243.57
3011456,987.62787
3011457,346.72357
3011458,203.91992
3011459,232.22917
3011460,4695.0254
3011461,34.951286
3011462,0.9371782
3011463,18.624031
3011464,31.386404
3011465,0.39756554
3011466,216.11974
3011467,20.67377
3011468,7.910066
3011469,7.8607454
3011470,94.660645
3011471,3.901757
3011472,496.0974
3011473,326.18475
3011474,6.2702713
3011475,8.2569275
3011476,648.90533
3011477,140.28821
3011478,1828.218
3011479,0.28075054
3011480,43.515793
3011481,4.3489046
3011482,0.029130274
3011483,3.6916118
3011484,3432.9966
3011485,0.13141175
3011486,655.9678
3011487,11.972591
3011488,1060.0382
3011489,1266.2389
3011490,170.37433
3011491,286.88455
3011492,266.7691
3011493,3777.8005
3011494,40.326843
3011495,2.0985765
3011496,15.313337
3011497,14.57911
3011498,0.78651553
3011499,160.07854
3011500,7.7703853
3011501,19.63565
3011502,8.847601
3011503,163.22025
3011504,7.0147424
3011505,522.5896
3011506,218.17613
3011507,4.088077
3011508,7.3828044
3011509,632.94836
3011510,182.78548
3011511,3544.4353
3011512,0.34961414
3011513,57.89969
3011514,5.30709
3011515,0.08442083
3011516,7.3852587
3011517,3890.8582
3011518,0.20096526
3011519,767.66284
3011520,15.774988
3011521,1264.9359
3011522,1448.4028
3011523,281.1369
3011524,327.44052
3011525,244.89774
3011526,4776.545
3011527,41.30623
3011528,2.4137833
3011529,31.841278
3011530,27.392305
3011531,1.1914788
3011532,248.22835
3011533,26.49593
3011534,17.539406
3011535,22.068548
3011536,149.71828
3011537,8.657786
3011538,516.0183
3011539,333.04532
3011540,10.799255
3011541,12.013335
3011542,623.4663
3011543,210.4192
3011544,3258.8696
3011545,0.4446401
3011546,55.445423
3011547,14.091486
3011548,0.21050116
3011549,5.571429
3011550,2854.1545
3011551,0.0033877343
3011552,563.7253
3011553,10.32842
3011554,1739.2085
3011555,775.20734
3011556,595.15607
3011557,197.58078
3011558,130.64418
3011559,6228.085
3011560,11.489506
3011561,1.875918
3011562,35.77441
3011563,20.867064
3011564,0.39318964
3011565,309.06577
3011566,10.144622
3011567,4.466194
3011568,8.922696
3011569,52.717003
3011570,1.7448418
3011571,377.80618
3011572,449.37747
3011573,3.6168664
3011574,7.296423
3011575,491.3136
3011576,90.309265
3011577,1031.0435
3011578,5.709559
3011579,16.507093
3011580,3.3364446
3011581,0.0030456595
3011582,2.4513512
3011583,1634.6112
3011584,0.13378713
3011585,344.0683
3011586,10.746212
3011587,642.9179
3011588,642.6353
3011589,123.593544
3011590,140.20241
3011591,133.30441
3011592,2257.4143
3011593,21.754545
3011594,1.6019374
3011595,15.829601
3011596,13.799176
3011597,0.3561783
3011598,108.31328
3011599,10.136131
3011600,9.265723
3011601,6.532077
3011602,102.15142
3011603,3.4017391
3011604,316.25238
3011605,131.52924
3011606,3.7348907
3011607,5.6836786
3011608,294.5654
3011609,82.51659
3011610,1546.1293
3011611,0.18402272
3011612,26.038227
3011613,3.1147091
3011614,0.29355434
3011615,1.3604997
3011616,925.66754
3011617,0.0
3011618,113.62454
3011619,2.796798
3011620,779.1186
3011621,263.34674
3011622,253.70784
3011623,50.16313
3011624,45.60335
3011625,2477.2773
3011626,3.6557071
3011627,0.68979037
3011628,7.915465
3011629,5.77343
3011630,0.18508911
3011631,127.65068
3011632,3.5286815
3011633,0.01587723
3011634,3.1772182
3011635,12.35331
3011636,0.26500884
3011637,184.41246
3011638,180.08534
3011639,0.35154665
3011640,2.472011
3011641,180.78143
3011642,21.407469
3011643,158.73068
3011644,0.54411024
3011645,2.7827418
3011646,6.7542434
3011647,0.2011562
3011648,4.8314357
3011649,3748.2817
3011650,0.004248455
3011651,609.69934
3011652,10.83818
3011653,1957.6812
3011654,536.39923
3011655,441.00583
3011656,165.02057
3011657,107.10253
3011658,6673.263
3011659,18.005348
3011660,0.73722667
3011661,25.284407
3011662,14.954483
3011663,0.415374
3011664,351.05103
3011665,8.40749
3011666,1.6164675
3011667,10.936313
3011668,45.072273
3011669,1.5781322
3011670,620.79614
3011671,396.42514
3011672,1.071554
3011673,8.296178
3011674,523.70465
3011675,56.745113
3011676,837.1184
3011677,4.1235547
3011678,8.385072
3011679,4.8312483
3011680,0.11212637
3011681,0.95210165
3011682,1340.6888
3011683,0.0026553348
3011684,182.9472
3011685,6.4809585
3011686,775.6772
3011687,350.5457
3011688,200.75656
3011689,78.0435
3011690,49.73703
3011691,2526.162
3011692,6.3872604
3011693,0.9657146
3011694,10.976835
3011695,8.9223995
3011696,0.23308685
3011697,120.901085
3011698,1.3490629
3011699,0.0098331515
3011700,6.3527007
3011701,39.092308
3011702,0.79113936
3011703,145.29164
3011704,158.97717
3011705,0.5475499
3011706,3.132393
3011707,187.5229
3011708,34.417416
3011709,216.43839
3011710,0.5365657
3011711,2.685219
3011712,5.6092362
3011713,0.0
3011714,1.2854091
3011715,1329.3999
3011716,0.002367232
3011717,161.5142
3011718,4.371729
3011719,791.338
3011720,282.42126
3011721,162.12483
3011722,54.58125
3011723,34.59543
3011724,2767.8098
3011725,7.440822
3011726,0.5307176
3011727,11.432651
3011728,8.665785
3011729,0.15595917
3011730,114.17656
3011731,2.916416
3011732,0.013915014
3011733,2.8852274
3011734,33.227924
3011735,0.48386323
3011736,153.38017
3011737,183.76353
3011738,0.2516776
3011739,2.5471516
3011740,122.65268
3011741,28.285387
3011742,125.843
3011743,0.42137244
3011744,1.8999823
3011745,3.6752489
3011746,0.0074940575
3011747,1.1489806
3011748,994.2638
3011749,0.0045093894
3011750,189.64644
3011751,4.946997
3011752,1091.2601
3011753,367.71906
3011754,227.28288
3011755,37.773495
3011756,63.704
3011757,2663.006
3011758,5.9920363
3011759,0.34681758
3011760,13.071285
3011761,13.245551
3011762,0.18573613
3011763,164.9645
3011764,1.0565875
3011765,0.0
3011766,4.6086535
3011767,25.06839
3011768,0.8383509
3011769,292.1352
3011770,277.10654
3011771,0.46394518
3011772,3.1447446
3011773,97.28894
3011774,62.20762
3011775,243.13313
3011776,0.34178397
3011777,3.9614651
3011778,2.7045708
3011779,0.99019235
3011780,1.8820562
3011781,1278.7019
3011782,0.0
3011783,152.54077
3011784,3.2214277
3011785,878.3546
3011786,315.859
3011787,278.07138
3011788,81.57695
3011789,67.508736
3011790,2750.6733
3011791,9.66346
3011792,0.92397803
3011793,32.06672
3011794,11.119425
3011795,0.11096952
3011796,156.9891
3011797,6.0711536
3011798,0.009747383
3011799,4.8888254
3011800,24.63463
3011801,0.7885621
3011802,126.65836
3011803,183.69005
3011804,0.42129737
3011805,2.8316348
3011806,131.04936
3011807,31.522324
3011808,415.87183
3011809,0.44486597
3011810,5.165389
3011811,5.81897
3011812,0.09973605
3011813,0.8529486
3011814,1132.2269
3011815,0.0
3011816,202.74226
3011817,3.8586223
3011818,1009.8482
3011819,256.8418
3011820,216.78708
3011821,185.19662
3011822,42.978848
3011823,2580.07
3011824,5.752554
3011825,0.6023151
3011826,13.440772
3011827,8.273434
3011828,0.12651595
3011829,144.47556
3011830,0.0
3011831,0.015324161
3011832,3.8120062
3011833,35.92723
3011834,0.61189514
3011835,75.69157
3011836,197.77579
3011837,0.28173324
3011838,2.074636
3011839,95.441124
3011840,42.07475
3011841,398.04117
3011842,1.4535972
3011843,2.6190934
3011844,6.279909
3011845,0.16047302
3011846,1.8707178
3011847,2504.2185
3011848,0.0
3011849,255.75778
3011850,4.936293
3011851,1080.9692
3011852,572.29895
3011853,436.24066
3011854,188.40295
3011855,100.47687
3011856,3917.1018
3011857,8.316351
3011858,0.7372447
3011859,18.073689
3011860,16.878536
3011861,0.1843047
3011862,203.4988
3011863,2.071767
3011864,0.12914012
3011865,5.553402
3011866,39.663918
3011867,1.3126668
3011868,255.05774
3011869,234.50374
3011870,1.0680329
3011871,5.433569
3011872,309.95526
3011873,67.017395
3011874,796.64453
3011875,0.5053858
3011876,11.220105
3011877,3.8138916
3011878,0.09872663
3011879,2.0163853
3011880,1704.0917
3011881,0.0
3011882,655.35815
3011883,4.7721124
3011884,602.9808
3011885,489.374
3011886,208.79782
3011887,163.84882
3011888,58.11872
3011889,2488.6086
3011890,16.951511
3011891,0.97683406
3011892,15.285597
3011893,8.94919
3011894,0.16574205
3011895,116.220825
3011896,6.67379
3011897,1.4656565
3011898,4.1418777
3011899,57.94618
3011900,1.2199703
3011901,98.26709
3011902,151.32004
3011903,1.9432361
3011904,4.5651827
3011905,200.88692
3011906,50.634586
3011907,928.03
3011908,1.8382677
3011909,9.012707
3011910,6.772304
3011911,0.11946988
3011912,1.621662
3011913,2027.5642
3011914,0.0019525588
3011915,180.02017
3011916,5.5937247
3011917,943.51843
3011918,305.8263
3011919,282.95105
3011920,67.27871
3011921,63.908558
3011922,3088.162
3011923,10.047754
3011924,1.29758
3011925,15.353525
3011926,9.125319
3011927,0.17496507
3011928,133.41096
3011929,5.67066
3011930,0.016015634
3011931,4.6234007
3011932,34.3851
3011933,1.0733064
3011934,142.79968
3011935,191.79524
3011936,0.6043114
3011937,3.124413
3011938,127.30558
3011939,33.954964
3011940,282.33862
3011941,0.520951
3011942,4.25869
3011943,5.517763
3011944,0.05355113
3011945,4.7145586
3011946,2554.3875
3011947,0.15360206
3011948,563.3739
3011949,8.491111
3011950,972.9373
3011951,881.1714
3011952,248.59602
3011953,187.7639
3011954,166.15065
3011955,4004.3572
3011956,32.044
3011957,1.2007171
3011958,19.111265
3011959,14.945103
3011960,0.4945557
3011961,189.54509
3011962,18.760578
3011963,8.339241
3011964,8.800417
3011965,87.946594
3011966,4.069985
3011967,505.19003
3011968,267.85248
3011969,5.778835
3011970,6.105027
3011971,504.73743
3011972,127.21003
3011973,1764.8141
3011974,0.49133676
3011975,32.6707
3011976,4.7890444
3011977,0.33784306
3011978,3.022885
3011979,1732.3308
3011980,0.0032597966
3011981,274.03604
3011982,4.255885
3011983,746.6304
3011984,437.1716
3011985,347.56012
3011986,71.252525
3011987,64.13888
3011988,3007.4504
3011989,7.5127573
3011990,0.45207724
3011991,16.078833
3011992,9.078768
3011993,0.1053851
3011994,173.78271
3011995,4.481374
3011996,3.301885
3011997,1.9951305
3011998,24.624191
3011999,0.675999
3012000,170.9172
3012001,225.36923
3012002,1.5643315
3012003,2.9336576
3012004,216.18452
3012005,47.1196
3012006,533.2285
3012007,2.8945923
3012008,7.3492355
3012009,4.967704
3012010,0.30588678
3012011,2.3038752
3012012,1239.3104
3012013,0.0
3012014,234.06223
3012015,3.5783274
3012016,604.46747
3012017,265.51807
3012018,154.34143
3012019,103.60237
3012020,46.84053
3012021,1996.6572
3012022,6.4366746
3012023,0.44924462
3012024,16.762907
3012025,14.288456
3012026,0.15083645
3012027,152.92662
3012028,2.5537
3012029,1.1880877
3012030,4.416818
3012031,32.382618
3012032,1.0059528
3012033,53.297043
3012034,154.5266
3012035,0.8896065
3012036,3.7732723
3012037,83.05568
3012038,49.167454
3012039,602.1909
3012040,2.2265859
3012041,2.7969027
3012042,2.321301
3012043,0.12028928
3012044,0.65379584
3012045,532.8935
3012046,0.0
3012047,57.351418
3012048,3.852398
3012049,260.95157
3012050,127.88709
3012051,68.80916
3012052,22.253864
3012053,30.684143
3012054,989.9898
3012055,2.467999
3012056,0.43345514
3012057,17.180197
3012058,8.004116
3012059,0.1449037
3012060,66.74987
3012061,0.2177114
3012062,0.007891717
3012063,3.033519
3012064,13.706467
3012065,1.2031711
3012066,44.285038
3012067,67.76384
3012068,0.40494177
3012069,2.352306
3012070,51.935234
3012071,19.202728
3012072,168.97147
3012073,0.24029464
3012074,0.90058565
3012075,2.3221846
3012076,0.00016447064
3012077,1.5650759
3012078,1210.1788
3012079,0.05487903
3012080,274.53458
3012081,9.289208
3012082,572.11206
3012083,478.05243
3012084,133.0605
3012085,54.744335
3012086,103.80441
3012087,1996.6333
3012088,24.617369
3012089,0.14041814
3012090,7.18516
3012091,9.44423
3012092,0.21147507
3012093,92.580536
3012094,7.2705517
3012095,0.9922566
3012096,4.4258723
3012097,55.405033
3012098,2.301109
3012099,626.8586
3012100,141.56741
3012101,1.8626294
3012102,2.6676006
3012103,306.68402
3012104,49.916203
3012105,845.9475
3012106,0.1919242
3012107,15.391736
3012108,3.2725222
3012109,0.04447128
3012110,5.055773
3012111,2889.3772
3012112,0.1428907
3012113,701.5922
3012114,11.468705
3012115,1101.0206
3012116,1102.1273
3012117,253.29994
3012118,202.15492
3012119,216.23022
3012120,3774.8755
3012121,26.55092
3012122,1.1703602
3012123,16.398354
3012124,30.212944
3012125,0.38011843
3012126,182.83861
3012127,9.0734415
3012128,13.918254
3012129,9.093954
3012130,99.73715
3012131,6.980043
3012132,384.40723
3012133,264.40115
3012134,9.513856
3012135,7.687059
3012136,498.69543
3012137,127.878235
3012138,2424.5884
3012139,0.5912329
3012140,34.834087
3012141,2.1281357
3012142,0.020049095
3012143,2.3754163
3012144,1764.6938
3012145,0.07624133
3012146,285.5344
3012147,4.71107
3012148,456.58658
3012149,473.99023
3012150,124.373566
3012151,104.36819
3012152,174.60114
3012153,1680.8287
3012154,11.6055
3012155,0.88463247
3012156,19.650257
3012157,11.900375
3012158,0.14572738
3012159,69.93863
3012160,0.0
3012161,10.433401
3012162,7.7252746
3012163,174.49817
3012164,3.4515564
3012165,197.73064
3012166,105.53756
3012167,2.2027638
3012168,3.4257166
3012169,157.94511
3012170,50.395596
3012171,917.71234
3012172,0.34432128
3012173,5.3262224
3012174,3.5638108
3012175,0.06427487
3012176,0.92621535
3012177,815.956
3012178,0.009075723
3012179,223.01709
3012180,4.6748266
3012181,434.31012
3012182,243.9817
3012183,89.94144
3012184,40.621143
3012185,80.90094
3012186,1614.5001
3012187,4.2803392
3012188,0.8121042
3012189,8.250232
3012190,5.6864457
3012191,0.21875872
3012192,60.077724
3012193,1.2014848
3012194,1.7475729
3012195,3.4716587
3012196,33.009712
3012197,0.24160269
3012198,279.83722
3012199,159.42462
3012200,0.9440491
3012201,1.2381679
3012202,161.86412
3012203,17.578936
3012204,357.20053
3012205,0.5894077
3012206,3.4101298
3012207,4.969111
3012208,0.053794265
3012209,3.614172
3012210,2500.1199
3012211,0.061884403
3012212,614.3259
3012213,10.6002655
3012214,802.4361
3012215,822.05383
3012216,254.41515
3012217,212.33965
3012218,166.29019
3012219,3261.8691
3012220,21.631807
3012221,1.7951775
3012222,12.661432
3012223,15.121294
3012224,0.32999504
3012225,143.19139
3012226,4.7993937
3012227,13.915292
3012228,5.7975965
3012229,159.46396
3012230,2.3815901
3012231,273.51163
3012232,208.84639
3012233,5.563309
3012234,5.890818
3012235,390.32913
3012236,90.52675
3012237,1759.2812
3012238,0.6481187
3012239,23.980244
3012240,7.2224216
3012241,0.025883567
3012242,1.9778064
3012243,2352.0754
3012244,0.0041221753
3012245,575.00507
3012246,7.948407
3012247,1045.3387
3012248,672.81616
3012249,347.45572
3012250,244.5883
3012251,98.239525
3012252,3788.7998
3012253,7.263691
3012254,1.2789885
3012255,23.74975
3012256,11.62364
3012257,0.53278124
3012258,180.60088
3012259,0.0024542958
3012260,1.9070996
3012261,7.558566
3012262,117.373924
3012263,0.6977143
3012264,201.81754
3012265,307.2959
3012266,2.7344606
3012267,3.368389
3012268,236.46124
3012269,65.763306
3012270,1012.0563
3012271,3.8540313
3012272,6.3934665
3012273,3.5024362
3012274,0.2383325
3012275,1.6771493
3012276,1382.9912
3012277,0.0
3012278,327.3185
3012279,5.262997
3012280,527.69104
3012281,379.88803
3012282,156.83813
3012283,106.28356
3012284,55.192642
3012285,1962.261
3012286,5.792849
3012287,0.6042615
3012288,13.631507
3012289,9.901641
3012290,0.1606291
3012291,125.09701
3012292,0.0013799816
3012293,1.1133652
3012294,2.6538243
3012295,65.85635
3012296,0.727046
3012297,71.139244
3012298,152.2472
3012299,2.2765791
3012300,2.7898116
3012301,111.85684
3012302,38.384315
3012303,630.17975
3012304,2.209307
3012305,3.8235922
3012306,9.479328
3012307,0.42216024
3012308,9.847991
3012309,6981.869
3012310,0.33827573
3012311,1170.9789
3012312,30.51517
3012313,2078.5562
3012314,2100.7708
3012315,397.54086
3012316,523.811
3012317,460.22287
3012318,7847.917
3012319,77.841324
3012320,3.0435786
3012321,46.82393
3012322,37.467464
3012323,1.9277248
3012324,346.13525
3012325,33.1678
3012326,25.172157
3012327,26.686132
3012328,223.30066
3012329,12.855118
3012330,817.9393
3012331,512.9368
3012332,12.43794
3012333,18.827818
3012334,1180.1544
3012335,369.39578
3012336,5476.0044
3012337,0.8005931
3012338,106.22603
3012339,3.1462328
3012340,0.06646985
3012341,0.6397297
3012342,967.45703
3012343,0.0
3012344,154.90987
3012345,2.5943327
3012346,488.86343
3012347,231.46674
3012348,107.36773
3012349,124.81747
3012350,61.119213
3012351,1583.3336
3012352,3.446939
3012353,0.9106488
3012354,9.909396
3012355,4.9777513
3012356,0.2939914
3012357,80.63395
3012358,0.42106318
3012359,0.0024363697
3012360,4.077311
3012361,54.902756
3012362,0.37588382
3012363,58.015114
3012364,105.331894
3012365,0.88842803
3012366,2.5526161
3012367,100.96235
3012368,23.168041
3012369,331.68802
3012370,0.83837104
3012371,3.4244542
3012372,7.7247725
3012373,0.5767149
3012374,2.6473644
3012375,1881.9724
3012376,0.0020838398
3012377,473.78235
3012378,5.6021714
3012379,1272.598
3012380,615.4375
3012381,253.45091
3012382,249.00778
3012383,111.69911
3012384,4000.5999
3012385,9.545771
3012386,0.7273951
3012387,14.95066
3012388,13.374047
3012389,0.3767864
3012390,199.90604
3012391,1.5548254
3012392,1.1681416
3012393,12.50851
3012394,30.942978
3012395,0.66924477
3012396,312.63004
3012397,300.092
3012398,1.5590192
3012399,4.984258
3012400,143.24364
3012401,74.48461
3012402,856.9712
3012403,2.7477481
3012404,5.092857
3012405,1.8178834
3012406,0.045062773
3012407,0.24243501
3012408,622.6706
3012409,0.0
3012410,100.17478
3012411,2.3861246
3012412,453.3555
3012413,150.10202
3012414,98.471275
3012415,141.63805
3012416,29.8801
3012417,1485.5829
3012418,1.7175505
3012419,0.47902903
3012420,7.5825844
3012421,2.5318906
3012422,0.15901802
3012423,65.05314
3012424,0.0023101047
3012425,0.0070889946
3012426,2.1759765
3012427,71.34561
3012428,0.10307612
3012429,58.90554
3012430,98.22666
3012431,0.13179593
3012432,0.85716796
3012433,63.451378
3012434,11.233986
3012435,125.41135
3012436,0.8691498
3012437,1.2090782
3012438,7.9032655
3012439,0.15981916
3012440,1.0986823
3012441,1407.5953
3012442,0.0
3012443,279.20447
3012444,5.307794
3012445,1075.7736
3012446,402.75867
3012447,201.93936
3012448,175.93768
3012449,78.859505
3012450,3116.0256
3012451,3.0025506
3012452,0.69427055
3012453,31.605549
3012454,12.390053
3012455,0.17374675
3012456,155.30067
3012457,0.0
3012458,0.0322226
3012459,12.804929
3012460,65.57702
3012461,0.97583145
3012462,256.20715
3012463,241.1497
3012464,0.69789296
3012465,3.2510753
3012466,219.37239
3012467,37.421265
3012468,851.9921
3012469,1.1356233
3012470,1.5549066
3012471,3.4179235
3012472,0.19761293
3012473,2.816917
3012474,2323.4758
3012475,0.0
3012476,684.8312
3012477,7.456438
3012478,919.1483
3012479,596.9219
3012480,252.90077
3012481,119.89497
3012482,132.36714
3012483,3844.6094
3012484,5.520291
3012485,1.844581
3012486,26.353281
3012487,24.047993
3012488,0.67925555
3012489,161.74074
3012490,3.7156384
3012491,2.1310003
3012492,9.933152
3012493,52.520035
3012494,1.1341581
3012495,183.88658
3012496,319.86765
3012497,1.6789949
3012498,3.986337
3012499,142.11227
3012500,34.694675
3012501,497.06952
3012502,5.0689425
3012503,3.12109
3012504,4.4520774
3012505,0.059529923
3012506,0.26779777
3012507,1154.5364
3012508,0.0007374869
3012509,92.919044
3012510,1.6777124
3012511,480.1985
3012512,164.97054
3012513,83.468506
3012514,179.60574
3012515,54.629234
3012516,1764.9274
3012517,2.94145
3012518,0.6135156
3012519,7.606767
3012520,6.2236466
3012521,0.20757784
3012522,69.44421
3012523,0.0
3012524,0.0563815
3012525,1.4724673
3012526,44.915665
3012527,0.29358953
3012528,166.09651
3012529,87.83861
3012530,0.28250775
3012531,0.7437667
3012532,58.631153
3012533,17.657267
3012534,232.64526
3012535,0.81717724
3012536,0.5099828
3012537,3.9176548
3012538,0.040828865
3012539,1.4585807
3012540,2094.1555
3012541,0.0
3012542,492.28354
3012543,5.127362
3012544,878.8519
3012545,531.9945
3012546,211.6524
3012547,118.153435
3012548,105.25605
3012549,3440.5857
3012550,6.316695
3012551,0.52158225
3012552,21.601284
3012553,11.472523
3012554,0.1974113
3012555,151.15521
3012556,0.058844488
3012557,8.471801
3012558,3.1742861
3012559,128.80476
3012560,0.6163588
3012561,203.90697
3012562,238.66191
3012563,1.1756718
3012564,3.257621
3012565,122.10576
3012566,53.093346
3012567,928.6485
3012568,5.1006074
3012569,1.0102992
3012570,3.9869876
3012571,0.023078661
3012572,4.35495
3012573,2170.8428
3012574,0.15725705
3012575,557.23785
3012576,8.095377
3012577,1052.7671
3012578,912.66364
3012579,148.77383
3012580,154.70734
3012581,198.48235
3012582,3677.9575
3012583,46.604233
3012584,1.9156706
3012585,22.596323
3012586,16.382095
3012587,0.3363478
3012588,167.86739
3012589,17.261364
3012590,13.066232
3012591,5.8313913
3012592,109.42642
3012593,5.0102515
3012594,249.9418
3012595,256.52313
3012596,6.816819
3012597,6.7426157
3012598,254.18787
3012599,131.32584
3012600,1955.7626
3012601,0.31013018
3012602,20.05009
3012603,6.620636
3012604,0.011923406
3012605,5.190139
3012606,1892.8103
3012607,0.104278356
3012608,540.9103
3012609,9.965646
3012610,1075.3845
3012611,841.6962
3012612,169.7185
3012613,119.70385
3012614,212.79628
3012615,3805.5774
3012616,26.759045
3012617,1.7379143
3012618,24.363495
3012619,18.784986
3012620,0.15036444
3012621,218.92601
3012622,18.695206
3012623,8.931215
3012624,13.141829
3012625,79.412865
3012626,5.325825
3012627,185.53589
3012628,365.16302
3012629,4.100716
3012630,6.317075
3012631,162.62852
3012632,120.28039
3012633,1527.1705
3012634,0.3309585
3012635,19.65403
3012636,8.953317
3012637,0.2728573
3012638,3.9242628
3012639,2369.1133
3012640,0.0
3012641,717.9212
3012642,7.175872
3012643,1306.3799
3012644,538.80664
3012645,190.57986
3012646,407.37787
3012647,94.67973
3012648,4317.8022
3012649,28.849089
3012650,1.8228017
3012651,23.996288
3012652,14.462916
3012653,0.42530406
3012654,216.6117
3012655,4.92502
3012656,8.055616
3012657,6.7857466
3012658,64.845
3012659,2.0276423
3012660,238.8768
3012661,311.93866
3012662,2.8653817
3012663,5.734955
3012664,213.83243
3012665,77.78135
3012666,1132.5343
3012667,1.9376476
3012668,10.943597
3012669,4.0355167
3012670,0.015239024
3012671,4.1551394
3012672,2256.655
3012673,0.17235948
3012674,412.4249
3012675,6.847229
3012676,886.9358
3012677,814.9811
3012678,218.25414
3012679,172.35164
3012680,154.70293
3012681,3395.0667
3012682,20.144505
3012683,1.1399432
3012684,14.75531
3012685,9.509449
3012686,0.40640643
3012687,165.09526
3012688,16.303211
3012689,9.602647
3012690,4.1003256
3012691,84.302986
3012692,3.701913
3012693,369.00555
3012694,231.0569
3012695,4.5306864
3012696,5.787921
3012697,464.1737
3012698,100.32939
3012699,1673.2104
3012700,0.22357991
3012701,32.905132
3012702,3.9981122
3012703,0.30798313
3012704,1.2087815
3012705,2412.448
3012706,0.00028882828
3012707,374.09048
3012708,5.9299517
3012709,1425.0546
3012710,490.84537
3012711,258.80206
3012712,145.8807
3012713,74.04936
3012714,4467.5317
3012715,8.979504
3012716,1.0483236
3012717,22.819847
3012718,16.839745
3012719,0.22304031
3012720,226.27267
3012721,0.0
3012722,0.14619838
3012723,8.334401
3012724,72.05408
3012725,0.9827109
3012726,116.39234
3012727,293.17007
3012728,1.2125804
3012729,4.38171
3012730,156.18027
3012731,51.014866
3012732,718.3438
3012733,2.113893
3012734,3.2051523
3012735,4.935611
3012736,0.032821596
3012737,4.4641943
3012738,1584.9055
3012739,0.031306483
3012740,431.41815
3012741,7.7943177
3012742,890.7411
3012743,577.92194
3012744,199.36723
3012745,119.686165
3012746,187.55675
3012747,2988.7705
3012748,23.105984
3012749,0.81269455
3012750,17.996433
3012751,20.747156
3012752,0.288121
3012753,152.53813
3012754,8.597292
3012755,9.988321
3012756,8.402186
3012757,73.14544
3012758,5.930651
3012759,174.85286
3012760,268.16977
3012761,4.8477473
3012762,4.9315147
3012763,164.37498
3012764,60.100765
3012765,1234.1049
3012766,0.59211516
3012767,7.931586
3012768,1.7888793
3012769,0.01560793
3012770,2.5180418
3012771,1180.9929
3012772,0.1930572
3012773,241.59317
3012774,5.530987
3012775,383.92316
3012776,390.86172
3012777,72.52114
3012778,59.738846
3012779,75.13944
3012780,1470.4541
3012781,13.028072
3012782,0.5091914
3012783,9.587324
3012784,12.6077585
3012785,0.11704365
3012786,99.548744
3012787,8.62134
3012788,11.876753
3012789,2.0983288
3012790,36.233913
3012791,3.970217
3012792,97.74367
3012793,107.73382
3012794,3.2615411
3012795,3.8614373
3012796,109.017784
3012797,36.729057
3012798,1183.803
3012799,0.2586446
3012800,8.793314
3012801,6.1886506
3012802,0.049368285
3012803,1.1872115
3012804,3090.0693
3012805,0.0
3012806,310.19095
3012807,5.6802
3012808,1034.8542
3012809,372.1667
3012810,241.96805
3012811,147.50072
3012812,52.972084
3012813,3394.9434
3012814,4.2498255
3012815,1.1668091
3012816,15.698926
3012817,10.501216
3012818,0.13290304
3012819,146.47267
3012820,0.0
3012821,1.0053338
3012822,3.2815695
3012823,89.5973
3012824,1.2252154
3012825,149.52231
3012826,225.95627
3012827,0.6833608
3012828,2.9059281
3012829,175.6778
3012830,61.68508
3012831,519.5457
3012832,1.8184807
3012833,0.7391786
3012834,18.927177
3012835,0.0029872581
3012836,11.962507
3012837,8211.392
3012838,0.33568305
3012839,1406.8787
3012840,24.017778
3012841,2562.5
3012842,2612.6453
3012843,600.55255
3012844,649.7185
3012845,625.74585
3012846,9862.23
3012847,81.555374
3012848,4.180792
3012849,85.90989
3012850,64.080635
3012851,1.9363371
3012852,426.76093
3012853,21.205648
3012854,13.211445
3012855,19.005444
3012856,333.93518
3012857,12.027622
3012858,972.52203
3012859,564.6462
3012860,21.539484
3012861,28.1933
3012862,1289.0403
3012863,469.86774
3012864,6788.129
3012865,16.942776
3012866,122.84417
3012867,15.881086
3012868,0.0
3012869,10.191066
3012870,7003.5103
3012871,0.37293038
3012872,1161.0164
3012873,24.615332
3012874,2526.1418
3012875,2186.301
3012876,649.4542
3012877,411.98328
3012878,533.98346
3012879,9867.843
3012880,84.082924
3012881,1.0882592
3012882,50.270718
3012883,54.525314
3012884,1.3456984
3012885,436.1185
3012886,17.15737
3012887,18.220715
3012888,4.9739366
3012889,211.89227
3012890,9.198823
3012891,1201.2782
3012892,648.4476
3012893,14.444862
3012894,20.11428
3012895,1319.4932
3012896,328.01822
3012897,4388.745
3012898,14.758544
3012899,97.13129
3012900,15.305535
3012901,0.0
3012902,11.948099
3012903,4845.739
3012904,0.12648684
3012905,794.1359
3012906,15.212733
3012907,2304.34
3012908,1479.207
3012909,818.48737
3012910,176.79073
3012911,407.15305
3012912,8639.831
3012913,42.72756
3012914,1.4969149
3012915,28.942469
3012916,36.526623
3012917,1.3436662
3012918,455.43973
3012919,21.867361
3012920,10.857953
3012921,6.890564
3012922,123.18586
3012923,4.801971
3012924,1161.1188
3012925,756.7274
3012926,14.027877
3012927,16.815838
3012928,1028.8267
3012929,175.47212
3012930,2009.06
3012931,12.332917
3012932,50.609406
3012933,16.11844
3012934,0.0
3012935,12.479241
3012936,6653.492
3012937,0.3622702
3012938,1122.6893
3012939,18.145119
3012940,2341.0967
3012941,2052.0728
3012942,645.6399
3012943,356.22736
3012944,434.66412
3012945,9381.006
3012946,65.993675
3012947,1.796391
3012948,42.733788
3012949,48.10899
3012950,1.8312011
3012951,447.1447
3012952,20.315483
3012953,16.524937
3012954,4.985385
3012955,169.01358
3012956,7.7479596
3012957,899.90985
3012958,718.27106
3012959,14.461862
3012960,19.319273
3012961,1184.1841
3012962,287.51492
3012963,4057.5505
3012964,11.490967
3012965,85.8306
3012966,13.846838
3012967,0.0
3012968,10.720051
3012969,3886.3574
3012970,0.03601199
3012971,716.01746
3012972,15.354796
3012973,2159.3992
3012974,1245.495
3012975,657.94745
3012976,142.13599
3012977,318.87714
3012978,7758.8774
3012979,44.030087
3012980,0.8926177
3012981,34.510994
3012982,25.83435
3012983,0.8577396
3012984,417.1321
3012985,17.74087
3012986,6.387423
3012987,4.9611826
3012988,104.93195
3012989,3.219922
3012990,983.24396
3012991,720.7188
3012992,10.237816
3012993,14.547287
3012994,907.54877
3012995,131.68295
3012996,1470.8429
3012997,15.296176
3012998,29.994598
3012999,10.666954
3013000,0.00019379565
3013001,8.017198
3013002,5723.699
3013003,0.28886303
3013004,1065.8173
3013005,22.176031
3013006,1722.2659
3013007,1974.2141
3013008,376.67
3013009,439.83685
3013010,442.8194
3013011,6802.6714
3013012,65.91957
3013013,1.7341348
3013014,42.480606
3013015,27.522379
3013016,1.0173004
3013017,306.9864
3013018,11.462917
3013019,17.268621
3013020,9.148655
3013021,223.65016
3013022,8.984031
3013023,746.31104
3013024,406.41577
3013025,11.004015
3013026,21.747345
3013027,921.3751
3013028,302.39944
3013029,5099.1016
3013030,8.220447
3013031,87.20287
3013032,5.520565
3013033,0.13611443
3013034,5.156462
3013035,1555.9437
3013036,0.14798176
3013037,385.4609
3013038,16.570383
3013039,985.53296
3013040,533.0118
3013041,247.39986
3013042,111.202484
3013043,163.87321
3013044,3144.0376
3013045,19.976295
3013046,1.0158304
3013047,19.068336
3013048,23.617773
3013049,0.57535833
3013050,151.62799
3013051,9.42006
3013052,2.972439
3013053,17.990906
3013054,65.54818
3013055,4.1449723
3013056,281.36978
3013057,270.47897
3013058,2.013444
3013059,5.09663
3013060,254.74487
3013061,88.5445
3013062,1051.2117
3013063,0.4976161
3013064,13.20424
3013065,11.661785
3013066,0.0017048642
3013067,7.810406
3013068,3344.8901
3013069,0.18439452
3013070,585.07434
3013071,23.65055
3013072,1608.4816
3013073,1037.525
3013074,462.48285
3013075,113.9306
3013076,277.04803
3013077,6058.7085
3013078,47.03034
3013079,1.5255183
3013080,52.417732
3013081,48.3246
3013082,0.6351024
3013083,288.11893
3013084,14.041635
3013085,5.3687763
3013086,5.8409057
3013087,114.86193
3013088,4.9495025
3013089,599.70514
3013090,498.8139
3013091,6.013171
3013092,15.07931
3013093,449.5514
3013094,120.403275
3013095,1543.9022
3013096,10.504019
3013097,23.404226
3013098,6.9553704
3013099,0.0
3013100,4.9030266
3013101,4207.8477
3013102,0.1628085
3013103,871.07355
3013104,10.28222
3013105,1459.8046
3013106,1507.7473
3013107,258.53116
3013108,334.5623
3013109,338.05466
3013110,4954.863
3013111,32.034092
3013112,1.4268813
3013113,22.225626
3013114,21.267889
3013115,1.1109514
3013116,214.75479
3013117,2.7442229
3013118,17.9868
3013119,6.4392414
3013120,162.50975
3013121,6.1747575
3013122,635.36017
3013123,290.35986
3013124,11.687176
3013125,7.62045
3013126,879.2825
3013127,167.93753
3013128,3584.6938
3013129,6.513435
3013130,65.14692
3013131,0.8850048
3013132,0.0
3013133,0.5729473
3013134,316.86664
3013135,0.0028620362
3013136,57.22472
3013137,0.762489
3013138,119.070366
3013139,84.12737
3013140,26.646809
3013141,14.549103
3013142,23.942406
3013143,427.61795
3013144,3.3212912
3013145,0.23554158
3013146,4.100247
3013147,3.6227655
3013148,0.07318817
3013149,26.329294
3013150,0.765633
3013151,4.527834
3013152,0.58263123
3013153,13.981788
3013154,0.7320889
3013155,35.055374
3013156,26.856932
3013157,1.0316013
3013158,1.9367709
3013159,34.664455
3013160,9.365749
3013161,340.56735
3013162,1.3562146
3013163,0.74157923
3013164,5.0650916
3013165,0.016235895
3013166,3.6141655
3013167,1324.9393
3013168,0.048351478
3013169,333.87167
3013170,5.5582743
3013171,678.7839
3013172,365.40356
3013173,156.6529
3013174,68.74673
3013175,121.243034
3013176,2041.5016
3013177,11.082411
3013178,0.97321886
3013179,14.944879
3013180,14.606775
3013181,0.095090486
3013182,123.38241
3013183,2.8253171
3013184,3.8110003
3013185,5.0393558
3013186,72.48568
3013187,2.1871803
3013188,179.36832
3013189,186.26414
3013190,2.2063239
3013191,3.7074704
3013192,146.47678
3013193,53.570908
3013194,1177.5398
3013195,0.7981749
3013196,4.1423326
3013197,5.812651
3013198,0.19457273
3013199,0.6020283
3013200,1341.5305
3013201,0.0
3013202,221.85236
3013203,3.130262
3013204,1058.8356
3013205,190.3612
3013206,188.99828
3013207,73.6304
3013208,35.36127
3013209,2684.9001
3013210,8.040072
3013211,0.7111285
3013212,16.041082
3013213,9.289578
3013214,0.17890976
3013215,141.94022
3013216,0.0005922131
3013217,0.0
3013218,4.2834387
3013219,23.462114
3013220,0.481473
3013221,52.55419
3013222,184.52509
3013223,0.1086816
3013224,2.1034422
3013225,54.230373
3013226,62.95291
3013227,377.46222
3013228,0.6658816
3013229,1.7366815
3013230,5.427063
3013231,0.008622641
3013232,5.7900214
3013233,3122.6948
3013234,0.04739297
3013235,555.19
3013236,9.999304
3013237,1241.7269
3013238,988.7021
3013239,347.31598
3013240,204.06392
3013241,231.60158
3013242,4703.4873
3013243,34.97175
3013244,0.9396919
3013245,18.765873
3013246,31.083307
3013247,0.39767283
3013248,216.23247
3013249,20.689926
3013250,7.95182
3013251,7.902909
3013252,94.62412
3013253,3.8705132
3013254,497.05588
3013255,326.727
3013256,6.314446
3013257,8.236204
3013258,650.36255
3013259,140.45421
3013260,1842.6394
3013261,0.2870361
3013262,43.4346
3013263,4.3160152
3013264,0.030732717
3013265,3.6885293
3013266,3435.8118
3013267,0.13552813
3013268,656.8768
3013269,11.960956
3013270,1060.6691
3013271,1264.9994
3013272,170.58911
3013273,286.5016
3013274,265.67892
3013275,3776.7205
3013276,40.172413
3013277,2.1053913
3013278,15.38803
3013279,14.686595
3013280,0.7853466
3013281,160.98885
3013282,7.7411785
3013283,19.560266
3013284,8.81304
3013285,163.08179
3013286,7.001314
3013287,523.21826
3013288,218.16364
3013289,4.12145
3013290,7.3976927
3013291,633.15784
3013292,182.63608
3013293,3545.599
3013294,0.3428974
3013295,57.93416
3013296,5.3256674
3013297,0.084279396
3013298,7.4126387
3013299,3889.1362
3013300,0.1977105
3013301,767.513
3013302,15.828903
3013303,1265.1807
3013304,1450.5784
3013305,281.29965
3013306,327.79007
3013307,244.75655
3013308,4782.9395
3013309,41.25994
3013310,2.429122
3013311,31.856096
3013312,27.463428
3013313,1.1889619
3013314,248.79338
3013315,26.674923
3013316,17.421167
3013317,21.99265
3013318,149.77914
3013319,8.658973
3013320,516.39307
3013321,332.89832
3013322,10.787289
3013323,11.915652
3013324,624.74335
3013325,210.59798
3013326,3264.825
3013327,0.45073792
3013328,55.60465
3013329,14.110291
3013330,0.21181831
3013331,5.5962524
3013332,2860.578
3013333,0.0
3013334,563.82227
3013335,10.267976
3013336,1742.0437
3013337,776.99805
3013338,594.8348
3013339,198.6154
3013340,130.64226
3013341,6242.0596
3013342,11.502085
3013343,1.8683563
3013344,35.186848
3013345,20.785822
3013346,0.39057475
3013347,309.52026
3013348,10.230673
3013349,4.434737
3013350,8.878927
3013351,52.106525
3013352,1.7580343
3013353,378.92166
3013354,450.36374
3013355,3.6060247
3013356,7.3077564
3013357,491.89316
3013358,90.68539
3013359,1032.9802
3013360,5.674671
3013361,16.62999
3013362,3.3645003
3013363,0.0011720955
3013364,2.467862
3013365,1640.609
3013366,0.13537546
3013367,343.49255
3013368,10.920633
3013369,642.73364
3013370,644.9454
3013371,123.99039
3013372,140.38367
3013373,133.24509
3013374,2265.2473
3013375,21.790293
3013376,1.5860552
3013377,16.007704
3013378,13.730197
3013379,0.35234436
3013380,108.24363
3013381,10.063409
3013382,9.287902
3013383,6.526441
3013384,102.36896
3013385,3.444876
3013386,316.41342
3013387,131.67188
3013388,3.7337575
3013389,5.6327925
3013390,294.83887
3013391,82.75161
3013392,1554.4835
3013393,0.18759134
3013394,26.129389
3013395,3.1244066
3013396,0.28774387
3013397,1.370802
3013398,923.54706
3013399,0.0
3013400,113.3845
3013401,2.7855191
3013402,780.82477
3013403,262.95547
3013404,253.00443
3013405,50.201195
3013406,45.80279
3013407,2477.5852
3013408,3.7281852
3013409,0.6914578
3013410,7.9291816
3013411,5.7759132
3013412,0.18328221
3013413,128.28262
3013414,3.5131307
3013415,0.01787041
3013416,3.15738
3013417,12.416915
3013418,0.25984558
3013419,184.27783
3013420,180.09952
3013421,0.35016915
3013422,2.4805453
3013423,180.42824
3013424,21.36082
3013425,158.50334
3013426,0.5455804
3013427,2.7972488
3013428,6.7720556
3013429,0.20034797
3013430,4.840587
3013431,3741.8235
3013432,0.0008045845
3013433,609.01764
3013434,10.818771
3013435,1956.8618
3013436,535.84344
3013437,440.45514
3013438,165.16017
3013439,107.71223
3013440,6668.272
3013441,18.017815
3013442,0.7250116
3013443,25.132923
3013444,14.875106
3013445,0.41475692
3013446,351.96204
3013447,8.373712
3013448,1.6267365
3013449,10.992459
3013450,45.551575
3013451,1.5826131
3013452,620.6646
3013453,396.25824
3013454,1.0818104
3013455,8.27175
3013456,522.63007
3013457,56.71884
3013458,838.5636
3013459,4.2090654
3013460,8.363236
3013461,4.789292
3013462,0.11163074
3013463,0.9562966
3013464,1338.7332
3013465,0.0
3013466,183.23137
3013467,6.479139
3013468,775.9023
3013469,350.43375
3013470,200.89203
3013471,78.53485
3013472,50.21703
3013473,2532.667
3013474,6.397423
3013475,0.9792103
3013476,11.0957365
3013477,8.906866
3013478,0.23432359
3013479,120.404175
3013480,1.361636
3013481,0.009298909
3013482,6.345438
3013483,39.14942
3013484,0.7837895
3013485,147.79616
3013486,158.49562
3013487,0.5506875
3013488,3.1400373
3013489,188.08292
3013490,34.416084
3013491,216.31316
3013492,0.56049114
3013493,2.6743116
3013494,5.6455345
3013495,0.0
3013496,1.2883595
3013497,1333.7196
3013498,0.0
3013499,161.44678
3013500,4.3755026
3013501,790.2175
3013502,281.57156
3013503,162.05365
3013504,54.501663
3013505,35.21893
3013506,2767.0527
3013507,7.4172015
3013508,0.54294413
3013509,11.37576
3013510,8.6723385
3013511,0.15598437
3013512,114.50331
3013513,2.9155734
3013514,0.014177883
3013515,2.902208
3013516,32.997787
3013517,0.49077153
3013518,153.32162
3013519,184.24191
3013520,0.25673488
3013521,2.5275922
3013522,122.603714
3013523,28.277327
3013524,126.57552
3013525,0.41837734
3013526,1.8787172
3013527,3.6616027
3013528,0.0067484016
3013529,1.1430552
3013530,996.68964
3013531,0.0
3013532,189.10793
3013533,4.959031
3013534,1095.882
3013535,367.53006
3013536,227.2749
3013537,37.727875
3013538,64.26377
3013539,2664.0657
3013540,6.048003
3013541,0.35165554
3013542,13.186727
3013543,13.211637
3013544,0.19000538
3013545,164.579
3013546,1.0419874
3013547,4.074117e-05
3013548,4.5904555
3013549,25.505997
3013550,0.8410777
3013551,292.38846
3013552,277.7263
3013553,0.46940085
3013554,3.1799314
3013555,97.47636
3013556,62.376766
3013557,244.6138
3013558,0.33430028
3013559,3.931355
3013560,2.7020078
3013561,1.0010655
3013562,1.8771794
3013563,1279.8768
3013564,0.0
3013565,152.46751
3013566,3.2472017
3013567,879.7881
3013568,315.72177
3013569,277.4852
3013570,81.239914
3013571,67.207344
3013572,2750.6926
3013573,9.628758
3013574,0.92496634
3013575,31.518637
3013576,11.101304
3013577,0.11079891
3013578,157.64534
3013579,6.0881042
3013580,0.009317748
3013581,4.871299
3013582,24.842749
3013583,0.8010322
3013584,126.84197
3013585,183.76555
3013586,0.4229893
3013587,2.830223
3013588,130.81201
3013589,31.576847
3013590,417.99194
3013591,0.43386936
3013592,5.148906
3013593,5.784507
3013594,0.10107183
3013595,0.8532521
3013596,1127.722
3013597,0.0
3013598,202.21452
3013599,3.8742414
3013600,1005.5686
3013601,255.93098
3013602,216.57806
3013603,184.44548
3013604,42.853264
3013605,2567.9475
3013606,5.708874
3013607,0.5913004
3013608,13.540367
3013609,8.3202305
3013610,0.1272158
3013611,143.90062
3013612,0.0039010309
3013613,0.016928295
3013614,3.8053095
3013615,36.357357
3013616,0.61839366
3013617,75.48599
3013618,197.25458
3013619,0.28195253
3013620,2.0888946
3013621,95.33358
3013622,42.06102
3013623,398.87247
3013624,1.5061995
3013625,2.6247814
3013626,6.2662144
3013627,0.1572088
3013628,1.8724407
3013629,2502.7842
3013630,0.0004293397
3013631,255.3967
3013632,5.0043488
3013633,1079.7129
3013634,571.1649
3013635,435.65143
3013636,187.64473
3013637,100.18928
3013638,3907.011
3013639,8.318999
3013640,0.7273931
3013641,18.048292
3013642,16.833118
3013643,0.18326272
3013644,202.52423
3013645,2.0487769
3013646,0.13108698
3013647,5.5655785
3013648,39.81128
3013649,1.3414245
3013650,255.7247
3013651,234.32256
3013652,1.063615
3013653,5.4805236
3013654,309.58966
3013655,66.95047
3013656,799.9608
3013657,0.53399074
3013658,11.218668
3013659,3.800631
3013660,0.10889459
3013661,2.0260096
3013662,1704.5942
3013663,0.0
3013664,655.9476
3013665,4.932709
3013666,602.2921
3013667,490.39703
3013668,209.29521
3013669,164.22852
3013670,58.399143
3013671,2487.6555
3013672,16.963316
3013673,0.96733916
3013674,15.536684
3013675,8.9343815
3013676,0.1640388
3013677,116.85708
3013678,6.667672
3013679,1.4830004
3013680,4.1290803
3013681,58.55953
3013682,1.2307585
3013683,98.11249
3013684,151.68257
3013685,1.9658535
3013686,4.5646477
3013687,200.16914
3013688,50.719055
3013689,928.2274
3013690,1.8322796
3013691,8.977314
3013692,6.7608824
3013693,0.12376835
3013694,1.6347636
3013695,2031.2708
3013696,0.0
3013697,179.52513
3013698,5.6882334
3013699,943.2784
3013700,305.0354
3013701,282.99887
3013702,67.338615
3013703,64.054955
3013704,3086.407
3013705,10.057219
3013706,1.2945781
3013707,15.260428
3013708,9.101796
3013709,0.17288226
3013710,134.00778
3013711,5.6422615
3013712,0.018958569
3013713,4.5934734
3013714,34.528187
3013715,1.0779961
3013716,142.44139
3013717,192.162
3013718,0.5981931
3013719,3.1651049
3013720,127.76555
3013721,33.96697
3013722,284.21378
3013723,0.5365446
3013724,4.217452
3013725,5.5330877
3013726,0.05517105
3013727,4.7582707
3013728,2554.7947
3013729,0.152514
3013730,564.76874
3013731,8.5356045
3013732,973.5732
3013733,882.1455
3013734,249.09613
3013735,187.66922
3013736,167.01894
3013737,4018.5906
3013738,31.918665
3013739,1.192943
3013740,18.80011
3013741,15.083711
3013742,0.50044185
3013743,188.93489
3013744,18.857258
3013745,8.307637
3013746,8.745573
3013747,88.13433
3013748,4.055567
3013749,508.5451
3013750,268.3232
3013751,5.806653
3013752,6.113356
3013753,504.00464
3013754,127.25571
3013755,1766.3663
3013756,0.4961588
3013757,32.707047
3013758,4.798394
3013759,0.3275103
3013760,3.0314884
3013761,1732.1433
3013762,0.0016293004
3013763,274.7474
3013764,4.2422395
3013765,750.84607
3013766,435.8996
3013767,348.55426
3013768,71.035545
3013769,63.34808
3013770,3001.709
3013771,7.505689
3013772,0.4543221
3013773,16.025097
3013774,9.030528
3013775,0.106205545
3013776,173.91681
3013777,4.417771
3013778,3.27375
3013779,2.0018802
3013780,24.8744
3013781,0.66421896
3013782,169.69135
3013783,223.51868
3013784,1.5826095
3013785,2.9393919
3013786,213.70808
3013787,47.194862
3013788,529.81366
3013789,2.9765582
3013790,7.342986
3013791,4.926218
3013792,0.3061112
3013793,2.3033543
3013794,1240.0558
3013795,0.0003091758
3013796,234.61957
3013797,3.626223
3013798,610.3536
3013799,266.32883
3013800,153.59923
3013801,103.39736
3013802,47.2917
3013803,2002.0155
3013804,6.5170784
3013805,0.4458729
3013806,16.778452
3013807,14.405952
3013808,0.1490964
3013809,152.9123
3013810,2.5559862
3013811,1.204323
3013812,4.400802
3013813,32.31122
3013814,1.0177628
3013815,53.274727
3013816,154.63617
3013817,0.8983588
3013818,3.769827
3013819,83.1543
3013820,49.38547
3013821,608.08966
3013822,2.2810094
3013823,2.7694972
3013824,2.3358388
3013825,0.12525056
3013826,0.6549441
3013827,536.7635
3013828,0.0038725212
3013829,56.88407
3013830,3.8475082
3013831,262.7377
3013832,127.76094
3013833,68.543335
3013834,22.24227
3013835,31.626472
3013836,991.2829
3013837,2.4619257
3013838,0.43992952
3013839,17.1191
3013840,8.065317
3013841,0.14559463
3013842,66.72071
3013843,0.21747403
3013844,0.0071717096
3013845,3.0313144
3013846,13.685112
3013847,1.1924682
3013848,43.394157
3013849,67.78003
3013850,0.40501416
3013851,2.3809702
3013852,51.94634
3013853,19.231003
3013854,169.11273
3013855,0.23273544
3013856,0.90600663
3013857,2.301017
3013858,0.0
3013859,1.5787854
3013860,1211.2898
3013861,0.056197584
3013862,274.45734
3013863,9.320323
3013864,572.4465
3013865,478.66666
3013866,133.03296
3013867,54.69668
3013868,103.923805
3013869,1997.1799
3013870,24.510149
3013871,0.13783048
3013872,7.2347603
3013873,9.530878
3013874,0.21166103
3013875,92.58912
3013876,7.2034807
3013877,1.0049354
3013878,4.425177
3013879,55.712162
3013880,2.2974503
3013881,629.41595
3013882,141.61041
3013883,1.8480767
3013884,2.663486
3013885,307.06924
3013886,49.897503
3013887,846.4221
3013888,0.19036481
3013889,15.400513
3013890,3.2631385
3013891,0.04650928
3013892,5.0810995
3013893,2889.817
3013894,0.14266774
3013895,702.31714
3013896,11.5942545
3013897,1103.4382
3013898,1104.1616
3013899,252.99574
3013900,201.98299
3013901,216.34962
3013902,3778.1162
3013903,25.786554
3013904,1.1740575
3013905,16.332037
3013906,30.24215
3013907,0.37355527
3013908,183.21448
3013909,8.989472
3013910,13.992202
3013911,9.093005
3013912,100.187
3013913,6.9974523
3013914,383.9457
3013915,264.62915
3013916,9.481639
3013917,7.711035
3013918,500.5445
3013919,127.98498
3013920,2422.4539
3013921,0.6081756
3013922,34.932156
3013923,2.1114964
3013924,0.018392157
3013925,2.3913324
3013926,1761.3425
3013927,0.07582615
3013928,286.6578
3013929,4.770323
3013930,457.8446
3013931,476.42538
3013932,124.51667
3013933,104.523224
3013934,175.94228
3013935,1681.4438
3013936,11.563196
3013937,0.8999138
3013938,19.647232
3013939,11.937964
3013940,0.14549875
3013941,70.53226
3013942,0.0
3013943,10.464587
3013944,7.688196
3013945,176.14821
3013946,3.4924095
3013947,197.93292
3013948,105.71396
3013949,2.2098448
3013950,3.4665027
3013951,158.94836
3013952,50.528866
3013953,924.401
3013954,0.3403728
3013955,5.388038
3013956,3.5463936
3013957,0.06331472
3013958,0.9289419
3013959,820.3819
3013960,0.008347876
3013961,223.1979
3013962,4.740578
3013963,434.3806
3013964,243.51776
3013965,89.92783
3013966,40.553013
3013967,80.671326
3013968,1611.6692
3013969,4.2803035
3013970,0.80582297
3013971,8.242032
3013972,5.7574344
3013973,0.21468599
3013974,59.75384
3013975,1.2146591
3013976,1.741525
3013977,3.4877431
3013978,34.560944
3013979,0.24038312
3013980,279.95123
3013981,159.14339
3013982,0.93866104
3013983,1.2643712
3013984,162.30046
3013985,17.59252
3013986,356.25836
3013987,0.59074533
3013988,3.414974
3013989,4.981385
3013990,0.054470386
3013991,3.6282697
3013992,2500.668
3013993,0.062193643
3013994,614.15155
3013995,10.637669
3013996,803.1193
3013997,823.838
3013998,254.55626
3013999,212.01944
3014000,167.47089
3014001,3264.2805
3014002,21.729097
3014003,1.7928815
3014004,12.716261
3014005,15.257936
3014006,0.33761558
3014007,143.75801
3014008,4.7838836
3014009,14.04278
3014010,5.762084
3014011,162.01807
3014012,2.3984284
3014013,273.35236
3014014,208.88336
3014015,5.5861998
3014016,5.8503833
3014017,391.09882
3014018,90.621376
3014019,1755.0149
3014020,0.65428436
3014021,23.944006
3014022,7.2476373
3014023,0.026652196
3014024,1.9803718
3014025,2352.849
3014026,0.0
3014027,573.40857
3014028,8.033439
3014029,1044.3873
3014030,670.0163
3014031,347.2462
3014032,244.83614
3014033,98.377594
3014034,3790.6118
3014035,7.2836804
3014036,1.2764803
3014037,23.93671
3014038,11.671685
3014039,0.5367644
3014040,180.4232
3014041,7.644296e-06
3014042,1.9157588
3014043,7.5483694
3014044,117.76309
3014045,0.7083576
3014046,201.94438
3014047,307.2117
3014048,2.721334
3014049,3.3563097
3014050,236.0596
3014051,65.88085
3014052,1010.09076
3014053,3.8851326
3014054,6.406773
3014055,3.5061805
3014056,0.23721111
3014057,1.6812837
3014058,1383.966
3014059,0.0013433099
3014060,325.66278
3014061,5.2552266
3014062,527.34454
3014063,379.73102
3014064,156.54994
3014065,106.85161
3014066,55.507484
3014067,1962.7252
3014068,5.792935
3014069,0.6130853
3014070,13.517117
3014071,9.976245
3014072,0.15694234
3014073,124.596275
3014074,0.0007272437
3014075,1.1235576
3014076,2.6517868
3014077,65.78031
3014078,0.7302632
3014079,71.00637
3014080,151.01515
3014081,2.2844775
3014082,2.787352
3014083,111.7592
3014084,38.359814
3014085,635.20404
3014086,2.1799216
3014087,3.8225152
3014088,9.496253
3014089,0.43206826
3014090,9.861377
3014091,6969.0156
3014092,0.33803552
3014093,1171.9231
3014094,30.639515
3014095,2078.836
3014096,2105.784
3014097,398.21677
3014098,523.91754
3014099,461.75876
3014100,7842.7227
3014101,78.04387
3014102,3.0504482
3014103,46.971527
3014104,37.458637
3014105,1.9384744
3014106,347.53378
3014107,33.039165
3014108,25.279863
3014109,26.681047
3014110,224.6194
3014111,12.945304
3014112,819.69525
3014113,512.49335
3014114,12.508335
3014115,18.916054
3014116,1182.7457
3014117,369.16043
3014118,5469.886
3014119,0.7942924
3014120,106.42952
3014121,3.1549745
3014122,0.071337014
3014123,0.63062763
3014124,969.3265
3014125,0.0
3014126,154.89694
3014127,2.5921426
3014128,485.9633
3014129,232.201
3014130,107.2495
3014131,124.865204
3014132,61.02621
3014133,1580.6968
3014134,3.458779
3014135,0.9202723
3014136,9.951029
3014137,4.9501386
3014138,0.30004588
3014139,81.18672
3014140,0.42366987
3014141,0.0
3014142,4.057172
3014143,54.98677
3014144,0.37370938
3014145,57.891895
3014146,105.149414
3014147,0.8955333
3014148,2.558246
3014149,101.15141
3014150,23.127523
3014151,333.38928
3014152,0.8511537
3014153,3.4092505
3014154,7.7304726
3014155,0.5838666
3014156,2.639728
3014157,1883.2256
3014158,0.0
3014159,474.2968
3014160,5.584194
3014161,1270.7815
3014162,614.6306
3014163,253.30623
3014164,247.69865
3014165,113.703285
3014166,3997.8433
3014167,9.523439
3014168,0.73684955
3014169,15.052608
3014170,13.502432
3014171,0.3840623
3014172,199.26364
3014173,1.5486343
3014174,1.1798378
3014175,12.597556
3014176,31.099642
3014177,0.6774675
3014178,311.84116
3014179,298.8007
3014180,1.5785301
3014181,4.9997334
3014182,142.70569
3014183,74.44024
3014184,860.5101
3014185,2.7165923
3014186,5.107513
3014187,1.8263328
3014188,0.044996567
3014189,0.23999515
3014190,622.9957
3014191,0.0010359883
3014192,100.07728
3014193,2.396176
3014194,452.39404
3014195,150.00406
3014196,98.39704
3014197,141.33928
3014198,29.844442
3014199,1488.7584
3014200,1.7141106
3014201,0.4820909
3014202,7.666124
3014203,2.5490499
3014204,0.16185683
3014205,65.01836
3014206,0.0024941713
3014207,0.005837634
3014208,2.1934237
3014209,72.32733
3014210,0.10256983
3014211,58.819553
3014212,98.50164
3014213,0.13053945
3014214,0.84336984
3014215,63.529884
3014216,11.199979
3014217,125.47044
3014218,0.891594
3014219,1.2197149
3014220,7.940607
3014221,0.15650031
3014222,1.1145267
3014223,1408.4977
3014224,0.002777703
3014225,278.69727
3014226,5.407781
3014227,1076.1154
3014228,403.69003
3014229,201.89828
3014230,175.80208
3014231,78.494896
3014232,3110.0828
3014233,2.9719698
3014234,0.6973052
3014235,31.554081
3014236,12.496859
3014237,0.17579518
3014238,155.52332
3014239,0.0030887835
3014240,0.031624343
3014241,12.820482
3014242,65.67107
3014243,0.9645545
3014244,255.4824
3014245,241.92766
3014246,0.7065667
3014247,3.239187
3014248,219.78693
3014249,37.386585
3014250,856.2329
3014251,1.1654332
3014252,1.56098
3014253,3.4228933
3014254,0.19987734
3014255,2.8259282
3014256,2328.121
3014257,0.0
3014258,684.52246
3014259,7.4287257
3014260,921.152
3014261,597.4343
3014262,253.02087
3014263,118.89244
3014264,133.14531
3014265,3848.4507
3014266,5.502445
3014267,1.835904
3014268,26.327486
3014269,23.95302
3014270,0.67108965
3014271,161.8971
3014272,3.6976893
3014273,2.156573
3014274,9.880191
3014275,52.735233
3014276,1.1342325
3014277,183.80261
3014278,320.57162
3014279,1.6805811
3014280,3.9912694
3014281,142.02005
3014282,34.670788
3014283,499.97092
3014284,5.038081
3014285,3.09096
3014286,4.460946
3014287,0.05595518
3014288,0.2712038
3014289,1159.2367
3014290,0.0031988174
3014291,92.788734
3014292,1.6874435
3014293,481.368
3014294,164.97496
3014295,83.65737
3014296,178.50204
3014297,54.234745
3014298,1770.7358
3014299,2.9347072
3014300,0.6158546
3014301,7.7100406
3014302,6.296057
3014303,0.20206779
3014304,69.57992
3014305,0.0
3014306,0.061069086
3014307,1.4788618
3014308,44.32183
3014309,0.2936325
3014310,165.5866
3014311,87.826385
3014312,0.28291166
3014313,0.7520113
3014314,58.74467
3014315,17.613653
3014316,232.40344
3014317,0.8307375
3014318,0.5012985
3014319,3.924307
3014320,0.042459816
3014321,1.4501089
3014322,2101.1125
3014323,0.0029303133
3014324,491.91412
3014325,5.12053
3014326,878.65643
3014327,531.5741
3014328,211.94511
3014329,118.15416
3014330,104.789055
3014331,3442.4553
3014332,6.28322
3014333,0.5224365
3014334,21.954739
3014335,11.5603075
3014336,0.19855833
3014337,151.62637
3014338,0.061178207
3014339,8.582956
3014340,3.1739366
3014341,129.42928
3014342,0.61982226
3014343,204.02362
3014344,238.65073
3014345,1.1811607
3014346,3.2356987
3014347,122.50041
3014348,53.026897
3014349,930.372
3014350,4.9848332
3014351,1.0095816
3014352,4.0029
3014353,0.023578266
3014354,4.387051
3014355,2176.8765
3014356,0.16181774
3014357,557.332
3014358,8.15187
3014359,1051.7313
3014360,913.86804
3014361,148.7951
3014362,154.82076
3014363,202.13184
3014364,3678.6821
3014365,46.661976
3014366,1.9343555
3014367,22.57967
3014368,16.11506
3014369,0.33592793
3014370,167.5256
3014371,17.259102
3014372,13.105144
3014373,5.833479
3014374,109.7003
3014375,5.0024743
3014376,250.4023
3014377,257.1258
3014378,6.8079195
3014379,6.724513
3014380,254.31465
3014381,131.39796
3014382,1962.2823
3014383,0.31006524
3014384,20.055178
3014385,6.6385603
3014386,0.014040872
3014387,5.2305
3014388,1894.8789
3014389,0.10145808
3014390,540.6657
3014391,10.00679
3014392,1075.6995
3014393,842.50543
3014394,169.65378
3014395,119.45117
3014396,215.18379
3014397,3818.3157
3014398,26.918676
3014399,1.7470598
3014400,24.390202
3014401,18.618975
3014402,0.14462027
3014403,218.16092
3014404,18.61283
3014405,8.946161
3014406,13.208477
3014407,79.24089
3014408,5.3450313
3014409,186.16121
3014410,364.95758
3014411,4.1221695
3014412,6.3019986
3014413,163.08061
3014414,120.48804
3014415,1533.4838
3014416,0.32212338
3014417,19.663694
3014418,8.9187355
3014419,0.2786462
3014420,3.909459
3014421,2372.223
3014422,0.0
3014423,715.82
3014424,7.1599655
3014425,1306.8851
3014426,538.2677
3014427,190.1591
3014428,407.1849
3014429,94.849724
3014430,4314.4014
3014431,28.92433
3014432,1.8165781
3014433,24.1971
3014434,14.4921465
3014435,0.4244941
3014436,216.54529
3014437,4.9000144
3014438,8.078732
3014439,6.7987213
3014440,65.685875
3014441,2.0113354
3014442,243.55627
3014443,311.18732
3014444,2.8723214
3014445,5.7495623
3014446,214.43712
3014447,78.09018
3014448,1137.5494
3014449,1.9602118
3014450,10.90331
3014451,4.049186
3014452,0.015628887
3014453,4.1461444
3014454,2258.4558
3014455,0.16533895
3014456,412.10217
3014457,6.936287
3014458,887.7451
3014459,814.5106
3014460,218.35599
3014461,172.3061
3014462,155.64873
3014463,3396.0574
3014464,20.1693
3014465,1.140835
3014466,14.921939
3014467,9.4909315
3014468,0.4109405
3014469,164.40416
3014470,16.27647
3014471,9.591269
3014472,4.088665
3014473,85.21534
3014474,3.7241623
3014475,369.06744
3014476,230.43646
3014477,4.526896
3014478,5.7494483
3014479,463.82358
3014480,100.10873
3014481,1669.7677
3014482,0.22004274
3014483,32.805344
3014484,3.9810202
3014485,0.31935441
3014486,1.2002041
3014487,2422.8733
3014488,0.000112157315
3014489,374.32028
3014490,5.9186153
3014491,1425.6466
3014492,490.4235
3014493,258.522
3014494,145.95633
3014495,74.70452
3014496,4468.9985
3014497,8.974874
3014498,1.054132
3014499,22.911512
3014500,16.859825
3014501,0.22141218
3014502,225.58432
3014503,0.0
3014504,0.14791372
3014505,8.36212
3014506,73.09698
3014507,0.99471176
3014508,116.49091
3014509,292.57397
3014510,1.1993015
3014511,4.4279747
3014512,157.06577
3014513,50.806553
3014514,717.41693
3014515,2.149857
3014516,3.2040112
3014517,4.930859
3014518,0.03182967
3014519,4.451285
3014520,1584.0895
3014521,0.03180882
3014522,431.97372
3014523,7.801042
3014524,889.1227
3014525,577.43915
3014526,199.36032
3014527,119.5034
3014528,186.76526
3014529,2994.6787
3014530,23.207695
3014531,0.8065946
3014532,17.909452
3014533,20.694492
3014534,0.28817266
3014535,152.53543
3014536,8.500284
3014537,10.065378
3014538,8.388903
3014539,72.96694
3014540,5.9058676
3014541,174.8496
3014542,268.17105
3014543,4.8343344
3014544,4.874383
3014545,164.1035
3014546,59.914383
3014547,1235.8202
3014548,0.5879991
3014549,7.9214616
3014550,1.7955366
3014551,0.015350588
3014552,2.5330572
3014553,1181.2605
3014554,0.18949078
3014555,241.47456
3014556,5.5021
3014557,385.80225
3014558,393.36255
3014559,72.532135
3014560,59.92842
3014561,75.41862
3014562,1469.052
3014563,12.988931
3014564,0.5082082
3014565,9.669656
3014566,12.463429
3014567,0.11508831
3014568,99.4331
3014569,8.624015
3014570,11.88197
3014571,2.1186907
3014572,36.29007
3014573,3.9920135
3014574,98.00914
3014575,107.27668
3014576,3.2596612
3014577,3.8779924
3014578,109.139206
3014579,36.806034
3014580,1184.7528
3014581,0.26063752
3014582,8.76163
3014583,6.19649
3014584,0.04853269
3014585,1.1923897
3014586,3100.1567
3014587,5.572586e-05
3014588,310.23944
3014589,5.7011127
3014590,1033.9215
3014591,371.43854
3014592,241.97466
3014593,146.82619
3014594,53.454876
3014595,3402.1768
3014596,4.236381
3014597,1.1883222
3014598,15.655787
3014599,10.525319
3014600,0.13582793
3014601,147.16019
3014602,0.0
3014603,1.0227567
3014604,3.3408859
3014605,89.620766
3014606,1.2363536
3014607,149.13376
3014608,226.16908
3014609,0.7000448
3014610,2.873717
3014611,174.58719
3014612,61.785988
3014613,518.18304
3014614,1.8088506
3014615,0.7428348
3014616,18.906038
3014617,0.0
3014618,12.026645
3014619,8214.704
3014620,0.3334851
3014621,1409.1622
3014622,24.231298
3014623,2559.7896
3014624,2612.919
3014625,600.35944
3014626,648.4624
3014627,627.75934
3014628,9843.508
3014629,81.46317
3014630,4.181733
3014631,85.6764
3014632,63.665768
3014633,1.9434476
3014634,426.44617
3014635,21.332706
3014636,13.267805
3014637,18.941986
3014638,335.9071
3014639,12.209565
3014640,974.8418
3014641,564.0875
3014642,21.47833
3014643,28.138803
3014644,1292.1683
3014645,469.39484
3014646,6763.7266
3014647,17.494596
3014648,122.89578
3014649,15.953309
3014650,0.0
3014651,10.148585
3014652,6991.4775
3014653,0.36738518
3014654,1160.3187
3014655,24.756918
3014656,2530.2368
3014657,2188.8145
3014658,650.3236
3014659,412.88757
3014660,540.11316
3014661,9872.959
3014662,84.22255
3014663,1.0939943
3014664,50.333855
3014665,54.98753
3014666,1.3430033
3014667,435.28217
3014668,17.216446
3014669,18.307714
3014670,4.9500833
3014671,212.99869
3014672,9.276811
3014673,1205.7343
3014674,646.26575
3014675,14.342318
3014676,20.157194
3014677,1321.8667
3014678,328.64688
3014679,4399.187
3014680,15.321742
3014681,97.01145
3014682,15.2737875
3014683,0.00036489405
3014684,11.914934
3014685,4827.662
3014686,0.12720405
3014687,794.89777
3014688,15.190055
3014689,2310.1619
3014690,1479.6857
3014691,819.05
3014692,176.56483
3014693,407.92877
3014694,8645.639
3014695,42.863148
3014696,1.5065393
3014697,28.985401
3014698,36.5868
3014699,1.3407124
3014700,455.4528
3014701,21.863413
3014702,10.918621
3014703,6.8177996
3014704,123.15254
3014705,4.783465
3014706,1165.2635
3014707,756.3378
3014708,13.942989
3014709,16.936615
3014710,1028.6685
3014711,175.0708
3014712,2016.8846
3014713,12.370318
3014714,50.42033
3014715,16.092054
3014716,0.0
3014717,12.424037
3014718,6649.493
3014719,0.36323506
3014720,1126.1062
3014721,18.290283
3014722,2341.6643
3014723,2052.1206
3014724,646.04193
3014725,355.7402
3014726,435.7419
3014727,9376.895
3014728,65.96652
3014729,1.8104053
3014730,43.220184
3014731,47.993557
3014732,1.8341125
3014733,446.00006
3014734,20.18006
3014735,16.48692
3014736,4.961133
3014737,170.4886
3014738,7.87004
3014739,903.3874
3014740,717.9783
3014741,14.403782
3014742,19.408857
3014743,1185.9452
3014744,287.48987
3014745,4044.9958
3014746,11.634824
3014747,85.979195
3014748,13.841242
3014749,0.0
3014750,10.728411
3014751,3901.908
3014752,0.03684331
3014753,717.3207
3014754,15.356397
3014755,2161.7573
3014756,1244.7155
3014757,657.4866
3014758,141.91722
3014759,321.33545
3014760,7741.9175
3014761,43.959152
3014762,0.90048414
3014763,34.932697
3014764,26.100586
3014765,0.85347027
3014766,414.96326
3014767,17.737562
3014768,6.4183755
3014769,4.9351068
3014770,106.42224
3014771,3.2159302
3014772,983.04895
3014773,722.4011
3014774,10.201214
3014775,14.595262
3014776,909.77374
3014777,131.46327
3014778,1472.0782
3014779,15.434963
3014780,29.984362
3014781,10.714843
3014782,0.0
3014783,8.036761
3014784,5719.465
3014785,0.2883434
3014786,1067.9408
3014787,22.174397
3014788,1722.5667
3014789,1976.2336
3014790,376.33163
3014791,440.533
3014792,444.5931
3014793,6813.316
3014794,65.98499
3014795,1.7194288
3014796,42.601048
3014797,27.567043
3014798,1.0256897
3014799,306.01193
3014800,11.474628
3014801,17.341818
3014802,9.212869
3014803,224.79921
3014804,9.002024
3014805,748.1887
3014806,406.8176
3014807,10.96458
3014808,21.67753
3014809,922.73773
3014810,302.46353
3014811,5100.007
3014812,8.502372
3014813,87.36918
3014814,5.5257215
3014815,0.13517064
3014816,5.168724
3014817,1560.3259
3014818,0.1426384
3014819,385.44394
3014820,16.605463
3014821,985.8936
3014822,533.8805
3014823,247.42043
3014824,111.48044
3014825,165.11491
3014826,3146.8179
3014827,20.124624
3014828,1.0176728
3014829,19.139658
3014830,23.927538
3014831,0.58165896
3014832,152.0351
3014833,9.409699
3014834,2.9866357
3014835,17.911064
3014836,65.96382
3014837,4.1612215
3014838,281.53894
3014839,270.426
3014840,2.0390441
3014841,5.0792804
3014842,254.84636
3014843,88.55
3014844,1047.5907
3014845,0.5145575
3014846,13.189796
3014847,11.630348
3014848,0.003182903
3014849,7.785062
3014850,3342.499
3014851,0.18233901
3014852,585.21924
3014853,23.748903
3014854,1608.777
3014855,1039.3417
3014856,462.62433
3014857,113.915115
3014858,275.05173
3014859,6057.2246
3014860,47.274025
3014861,1.5153158
3014862,52.566956
3014863,48.139088
3014864,0.62713784
3014865,288.33353
3014866,14.152022
3014867,5.399603
3014868,5.886128
3014869,115.48555
3014870,4.957637
3014871,599.8906
3014872,498.6156
3014873,5.9994426
3014874,15.036344
3014875,449.6035
3014876,120.51655
3014877,1539.9288
3014878,10.744004
3014879,23.388227
3014880,6.9733872
3014881,0.0
3014882,4.9163027
3014883,4205.727
3014884,0.1593183
3014885,871.5253
3014886,10.297655
3014887,1460.5001
3014888,1507.5972
3014889,258.71002
3014890,334.67905
3014891,339.36157
3014892,4962.6562
3014893,32.226257
3014894,1.4147568
3014895,22.329788
3014896,21.36773
3014897,1.1266967
3014898,214.91176
3014899,2.7252839
3014900,17.835289
3014901,6.500478
3014902,162.31578
3014903,6.1989217
3014904,637.7488
3014905,290.49026
3014906,11.752913
3014907,7.598695
3014908,884.8765
3014909,167.75273
3014910,3610.232
3014911,6.4498844
3014912,65.19916
3014913,0.89673144
3014914,0.0036846027
3014915,0.5668551
3014916,319.9906
3014917,0.0
3014918,56.880913
3014919,0.7827677
3014920,123.271324
3014921,84.473595
3014922,27.158697
3014923,15.012734
3014924,23.78246
3014925,437.00586
3014926,3.3554516
3014927,0.23249395
3014928,4.0781255
3014929,3.6936612
3014930,0.07542957
3014931,27.107813
3014932,0.7762094
3014933,4.6806235
3014934,0.56540334
3014935,14.006299
3014936,0.72464615
3014937,35.996506
3014938,27.077967
3014939,1.031791
3014940,1.984556
3014941,34.61272
3014942,9.390144
3014943,344.53424
3014944,1.339482
3014945,0.71420306
3014946,5.009209
3014947,0.014030842
3014948,3.6109378
3014949,1326.9259
3014950,0.047864165
3014951,334.56085
3014952,5.672217
3014953,682.1641
3014954,363.69626
3014955,156.0914
3014956,69.080444
3014957,120.860596
3014958,2037.7509
3014959,11.124727
3014960,0.9728146
3014961,14.977285
3014962,14.649977
3014963,0.09983841
3014964,123.11627
3014965,2.8229773
3014966,3.8102934
3014967,5.3566465
3014968,73.22686
3014969,2.1891203
3014970,178.64111
3014971,187.39561
3014972,2.2180011
3014973,3.6933885
3014974,146.91745
3014975,53.598976
3014976,1179.1427
3014977,0.7909892
3014978,4.1991916
3014979,5.785474
3014980,0.19377404
3014981,0.6028314
3014982,1337.847
3014983,0.0002662046
3014984,221.66246
3014985,3.14323
3014986,1056.3491
3014987,190.6968
3014988,188.85338
3014989,72.9688
3014990,35.582596
3014991,2681.861
3014992,8.065109
3014993,0.7080422
3014994,15.954262
3014995,9.371704
3014996,0.17741577
3014997,142.56807
3014998,0.004053585
3014999,0.001944486
3015000,4.302011
3015001,23.498432
3015002,0.48250377
3015003,52.39935
3015004,183.98622
3015005,0.1100663
3015006,2.0994158
3015007,54.5323
3015008,62.831768
3015009,377.83643
3015010,0.66327626
3015011,1.7163271
3015012,5.3991914
3015013,0.0075801024
3015014,5.780529
3015015,3115.3545
3015016,0.04953307
3015017,554.6609
3015018,10.070354
3015019,1243.051
3015020,988.91
3015021,347.09604
3015022,204.11235
3015023,231.24605
3015024,4694.377
3015025,35.071514
3015026,0.9428459
3015027,18.700598
3015028,31.066998
3015029,0.40196607
3015030,217.02705
3015031,20.51452
3015032,8.002428
3015033,7.926152
3015034,94.886314
3015035,3.9053571
3015036,497.02228
3015037,327.01517
3015038,6.3328223
3015039,8.2628765
3015040,649.662
3015041,140.169
3015042,1836.0757
3015043,0.29237428
3015044,43.513027
3015045,4.344163
3015046,0.03108584
3015047,3.6802824
3015048,3440.9797
3015049,0.13712788
3015050,656.9892
3015051,12.021512
3015052,1061.8336
3015053,1268.0238
3015054,170.76096
3015055,286.9918
3015056,266.77966
3015057,3778.8118
3015058,40.236134
3015059,2.1158237
3015060,15.477991
3015061,14.726604
3015062,0.7812814
3015063,161.31976
3015064,7.735923
3015065,19.618183
3015066,8.797736
3015067,163.47601
3015068,6.9854894
3015069,524.1082
3015070,218.6051
3015071,4.103645
3015072,7.373286
3015073,634.34674
3015074,183.04005
3015075,3545.7134
3015076,0.33592403
3015077,57.980778
3015078,5.3550725
3015079,0.085884206
3015080,7.417731
3015081,3891.2473
3015082,0.20109516
3015083,768.3858
3015084,15.90221
3015085,1264.8257
3015086,1450.8691
3015087,281.71204
3015088,327.33762
3015089,245.885
3015090,4776.914
3015091,41.190395
3015092,2.4141355
3015093,32.037506
3015094,27.435186
3015095,1.1833588
3015096,249.79276
3015097,26.618023
3015098,17.369503
3015099,22.008272
3015100,149.90141
3015101,8.7335615
3015102,517.14996
3015103,333.26816
3015104,10.863212
3015105,11.9828205
3015106,625.71497
3015107,210.41359
3015108,3269.272
3015109,0.44518134
3015110,55.573666
3015111,14.076407
3015112,0.2117528
3015113,5.5948024
3015114,2855.2292
3015115,0.00050231256
3015116,563.1582
3015117,10.289778
3015118,1740.8624
3015119,776.4001
3015120,595.081
3015121,198.34097
3015122,130.1548
3015123,6240.343
3015124,11.358171
3015125,1.862264
3015126,35.690754
3015127,20.98663
3015128,0.38467956
3015129,308.36255
3015130,10.160222
3015131,4.46137
3015132,8.868435
3015133,52.715725
3015134,1.760285
3015135,378.59497
3015136,449.72305
3015137,3.6138055
3015138,7.3332067
3015139,490.66016
3015140,90.67853
3015141,1034.4524
3015142,5.7912936
3015143,16.514622
3015144,3.3429203
3015145,0.00158697
3015146,2.4546978
3015147,1644.472
3015148,0.13168529
3015149,344.2616
3015150,10.759696
3015151,643.6947
3015152,644.1442
3015153,123.89337
3015154,140.37439
3015155,132.52359
3015156,2261.5603
3015157,21.840107
3015158,1.6056383
3015159,15.956607
3015160,13.83443
3015161,0.3548868
3015162,108.05098
3015163,10.143584
3015164,9.283696
3015165,6.457118
3015166,102.85089
3015167,3.3980699
3015168,315.465
3015169,132.08577
3015170,3.7279146
3015171,5.6896334
3015172,293.93466
3015173,82.75732
3015174,1550.4512
3015175,0.18714961
3015176,26.081024
3015177,3.1208107
3015178,0.28216705
3015179,1.3594527
3015180,924.494
3015181,0.0032175854
3015182,113.54978
3015183,2.8079352
3015184,785.0568
3015185,263.2943
3015186,253.42784
3015187,50.584393
3015188,45.69157
3015189,2474.561
3015190,3.7119591
3015191,0.695098
3015192,7.9585447
3015193,5.8264546
3015194,0.18269412
3015195,128.45247
3015196,3.4973934
3015197,0.016384969
3015198,3.1736166
3015199,12.477728
3015200,0.26672927
3015201,184.17838
3015202,180.01788
3015203,0.35374942
3015204,2.4738595
3015205,181.00444
3015206,21.427563
3015207,159.5818
3015208,0.55240685
3015209,2.7789774
3015210,6.755168
3015211,0.19946839
3015212,4.835655
3015213,3754.4214
3015214,0.002346892
3015215,608.7239
3015216,10.9504175
3015217,1959.6085
3015218,537.9596
3015219,441.47037
3015220,164.60762
3015221,107.82821
3015222,6691.768
3015223,18.052391
3015224,0.7242316
3015225,25.44747
3015226,14.999898
3015227,0.4110861
3015228,353.27902
3015229,8.441075
3015230,1.6276753
3015231,10.943159
3015232,45.076176
3015233,1.5794932
3015234,621.4609
3015235,396.39612
3015236,1.0743802
3015237,8.256837
3015238,523.7617
3015239,56.78344
3015240,846.6351
3015241,4.186816
3015242,8.439392
3015243,4.818221
3015244,0.11478639
3015245,0.9535152
3015246,1341.3191
3015247,0.0
3015248,182.54097
3015249,6.504026
3015250,775.41797
3015251,349.5931
3015252,201.22432
3015253,77.81578
3015254,50.385975
3015255,2523.9976
3015256,6.3787365
3015257,0.97940636
3015258,11.121072
3015259,8.8877
3015260,0.2316684
3015261,120.696556
3015262,1.392175
3015263,0.008645745
3015264,6.3270993
3015265,39.301094
3015266,0.79624313
3015267,147.31995
3015268,158.71194
3015269,0.549451
3015270,3.1496131
3015271,187.24701
3015272,34.365894
3015273,216.56534
3015274,0.5491003
3015275,2.6954722
3015276,5.644308
3015277,0.00449647
3015278,1.2933828
3015279,1334.1547
3015280,0.0
3015281,161.82231
3015282,4.4424114
3015283,790.7501
3015284,282.67325
3015285,162.2923
3015286,54.43518
3015287,36.219444
3015288,2774.7495
3015289,7.499832
3015290,0.5405574
3015291,11.593964
3015292,8.621969
3015293,0.15629803
3015294,114.71486
3015295,2.937372
3015296,0.013029508
3015297,2.8867702
3015298,33.24724
3015299,0.48789102
3015300,153.48314
3015301,183.5939
3015302,0.25858265
3015303,2.531794
3015304,122.95151
3015305,28.31924
3015306,126.67012
3015307,0.44045526
3015308,1.8976117
3015309,3.685095
3015310,0.0067771613
3015311,1.133977
3015312,995.8281
3015313,0.0033356063
3015314,189.20428
3015315,4.982323
3015316,1095.0953
3015317,369.32526
3015318,227.55608
3015319,37.848763
3015320,65.56933
3015321,2668.6025
3015322,6.009172
3015323,0.35227597
3015324,13.227521
3015325,13.206208
3015326,0.18834922
3015327,164.22746
3015328,1.0276984
3015329,0.0
3015330,4.543477
3015331,25.543102
3015332,0.8503455
3015333,292.6514
3015334,277.711
3015335,0.472397
3015336,3.1753101
3015337,97.61655
3015338,62.254566
3015339,245.13445
3015340,0.3486533
3015341,3.9277072
3015342,2.6960502
3015343,0.9997724
3015344,1.8835323
3015345,1281.0625
3015346,0.0
3015347,152.05118
3015348,3.2472343
3015349,880.7742
3015350,316.59607
3015351,277.79297
3015352,81.11215
3015353,67.81416
3015354,2759.0845
3015355,9.645624
3015356,0.9148511
3015357,32.40579
3015358,11.132429
3015359,0.11098034
3015360,157.40703
3015361,6.024972
3015362,0.0076425076
3015363,4.8576326
3015364,24.831982
3015365,0.80714107
3015366,126.75515
3015367,184.11974
3015368,0.41815302
3015369,2.8405795
3015370,131.15868
3015371,31.77246
3015372,416.9438
3015373,0.42965224
3015374,5.1265745
3015375,5.797586
3015376,0.09995447
3015377,0.8652497
3015378,1134.3993
3015379,0.0
3015380,202.3607
3015381,3.8772902
3015382,1009.23865
3015383,256.56342
3015384,216.16957
3015385,184.7593
3015386,43.081406
3015387,2573.476
3015388,5.744895
3015389,0.5884374
3015390,13.550531
3015391,8.372676
3015392,0.12673628
3015393,144.21939
3015394,0.0
3015395,0.01928086
3015396,3.7573888
3015397,36.04681
3015398,0.62772125
3015399,75.44489
3015400,197.10797
3015401,0.28010383
3015402,2.0788305
3015403,95.45341
3015404,42.04026
3015405,397.68793
3015406,1.5074304
3015407,2.6277635
3015408,6.289965
3015409,0.1631473
3015410,1.8557525
3015411,2499.885
3015412,1.7174985e-05
3015413,255.48245
3015414,4.9564986
3015415,1080.4565
3015416,570.3962
3015417,437.07336
3015418,188.06961
3015419,100.804504
3015420,3910.098
3015421,8.273734
3015422,0.7322542
3015423,18.141424
3015424,16.806158
3015425,0.18503487
3015426,202.68153
3015427,2.0749931
3015428,0.13415127
3015429,5.5648975
3015430,40.250954
3015431,1.3330681
3015432,255.38326
3015433,233.86302
3015434,1.0537153
3015435,5.496399
3015436,309.97705
3015437,67.0128
3015438,801.2691
3015439,0.5197418
3015440,11.220831
3015441,3.8107166
3015442,0.105891235
3015443,2.034536
3015444,1709.2439
3015445,0.0005221069
3015446,655.8963
3015447,4.8776774
3015448,604.06805
3015449,490.8347
3015450,208.94606
3015451,164.60118
3015452,58.55039
3015453,2487.9275
3015454,17.038664
3015455,0.9751182
3015456,15.619093
3015457,8.994468
3015458,0.16015294
3015459,116.44337
3015460,6.7404466
3015461,1.4992206
3015462,4.1302958
3015463,58.335526
3015464,1.2269683
3015465,97.95471
3015466,153.02533
3015467,1.9638861
3015468,4.5858803
3015469,201.78375
3015470,50.70045
3015471,935.18665
3015472,1.887871
3015473,9.011595
3015474,6.7920976
3015475,0.12359553
3015476,1.6557972
3015477,2037.8191
3015478,0.00013956241
3015479,179.73169
3015480,5.6117287
3015481,944.18854
3015482,306.2606
3015483,284.38354
3015484,67.103516
3015485,63.775707
3015486,3092.321
3015487,10.1407385
3015488,1.2884552
3015489,15.265116
3015490,9.074459
3015491,0.17551479
3015492,134.63698
3015493,5.6625986
3015494,0.023619894
3015495,4.6190515
3015496,34.299427
3015497,1.0826299
3015498,143.1162
3015499,192.74197
3015500,0.6037629
3015501,3.1467175
3015502,128.65744
3015503,34.065926
3015504,282.7733
3015505,0.5370001
3015506,4.2453847
3015507,5.5516124
3015508,0.05155769
3015509,4.758289
3015510,2550.9817
3015511,0.14899653
3015512,564.84546
3015513,8.566877
3015514,972.96136
3015515,885.35156
3015516,248.95715
3015517,187.75305
3015518,166.23738
3015519,4005.8594
3015520,32.006687
3015521,1.1935935
3015522,18.786644
3015523,15.175
3015524,0.49605912
3015525,189.25243
3015526,18.779364
3015527,8.358246
3015528,8.76793
3015529,88.2406
3015530,4.025479
3015531,506.5253
3015532,269.167
3015533,5.787805
3015534,6.0848765
3015535,504.30252
3015536,127.26541
3015537,1763.8688
3015538,0.490689
3015539,32.690937
3015540,4.8155284
3015541,0.3388524
3015542,3.0517645
3015543,1742.0808
3015544,0.0
3015545,275.10992
3015546,4.243326
3015547,751.128
3015548,437.81458
3015549,348.01474
3015550,71.565544
3015551,64.0668
3015552,3045.969
3015553,7.583139
3015554,0.45663202
3015555,16.08063
3015556,9.061433
3015557,0.10403183
3015558,172.26837
3015559,4.4671926
3015560,3.270397
3015561,1.9877574
3015562,25.026272
3015563,0.68054545
3015564,170.95946
3015565,224.80212
3015566,1.5750577
3015567,2.944182
3015568,214.19044
3015569,47.288082
3015570,534.6553
3015571,3.1041822
3015572,7.3186817
3015573,4.968827
3015574,0.30469263
3015575,2.3041184
3015576,1237.6697
3015577,0.0042167157
3015578,232.95648
3015579,3.615775
3015580,610.9339
3015581,266.74353
3015582,153.60596
3015583,102.62146
3015584,47.445286
3015585,1996.1442
3015586,6.5102897
3015587,0.4454659
3015588,16.834385
3015589,14.185666
3015590,0.15433443
3015591,153.83047
3015592,2.5587013
3015593,1.180036
3015594,4.3891973
3015595,32.609364
3015596,1.0241728
3015597,53.473732
3015598,155.53807
3015599,0.89968866
3015600,3.7647247
3015601,83.11579
3015602,49.06125
3015603,606.9179
3015604,2.257669
3015605,2.7843878
3015606,2.339218
3015607,0.1258097
3015608,0.6499896
3015609,538.49915
3015610,0.0
3015611,56.789757
3015612,3.8436213
3015613,262.86966
3015614,128.51906
3015615,68.998825
3015616,22.214422
3015617,32.134804
3015618,986.7029
3015619,2.4732366
3015620,0.4342028
3015621,17.024435
3015622,8.060769
3015623,0.14310095
3015624,66.97849
3015625,0.22156563
3015626,0.007937552
3015627,3.033424
3015628,13.769496
3015629,1.1992738
3015630,44.961227
3015631,68.180016
3015632,0.40901488
3015633,2.3821878
3015634,52.603363
3015635,19.399529
3015636,168.90817
3015637,0.22906314
3015638,0.912783
3015639,2.303945
3015640,0.0
3015641,1.5786296
3015642,1211.6421
3015643,0.053234417
3015644,274.40866
3015645,9.393362
3015646,572.00433
3015647,479.28207
3015648,133.14397
3015649,54.732273
3015650,103.18403
3015651,1996.5332
3015652,24.680172
3015653,0.1402408
3015654,7.2450004
3015655,9.499489
3015656,0.20889625
3015657,92.81569
3015658,7.254136
3015659,0.97892946
3015660,4.453578
3015661,55.491016
3015662,2.2866766
3015663,630.14874
3015664,141.57532
3015665,1.8762343
3015666,2.66241
3015667,307.5376
3015668,50.03874
3015669,848.05963
3015670,0.18623622
3015671,15.416389
3015672,3.255481
3015673,0.045710623
3015674,5.0322137
3015675,2886.8777
3015676,0.14060019
3015677,701.12555
3015678,11.557399
3015679,1102.3318
3015680,1103.0641
3015681,253.43797
3015682,202.12985
3015683,216.6156
3015684,3796.38
3015685,26.660059
3015686,1.1789597
3015687,16.352314
3015688,30.417841
3015689,0.37369603
3015690,183.34592
3015691,8.99281
3015692,14.089223
3015693,9.05595
3015694,100.21858
3015695,7.0268407
3015696,384.4142
3015697,264.57043
3015698,9.541206
3015699,7.7188277
3015700,500.7778
3015701,127.676346
3015702,2415.3176
3015703,0.62955034
3015704,34.860046
3015705,2.117095
3015706,0.018960577
3015707,2.3988001
3015708,1762.5239
3015709,0.07820996
3015710,286.5829
3015711,4.719378
3015712,457.35745
3015713,474.52206
3015714,124.64035
3015715,104.55716
3015716,174.25114
3015717,1676.737
3015718,11.633469
3015719,0.88837683
3015720,19.419092
3015721,11.928941
3015722,0.14189292
3015723,70.0466
3015724,0.0
3015725,10.507486
3015726,7.732306
3015727,175.96962
3015728,3.473053
3015729,197.66888
3015730,105.72962
3015731,2.1911614
3015732,3.4352124
3015733,158.05516
3015734,50.3172
3015735,917.8833
3015736,0.34255114
3015737,5.325568
3015738,3.5651462
3015739,0.06341772
3015740,0.93035895
3015741,817.1694
3015742,0.008810271
3015743,222.71017
3015744,4.7001286
3015745,433.70895
3015746,243.51378
3015747,89.69657
3015748,40.53519
3015749,82.05237
3015750,1616.004
3015751,4.2926035
3015752,0.8043266
3015753,8.226211
3015754,5.6813397
3015755,0.21924151
3015756,59.9136
3015757,1.1921793
3015758,1.7382542
3015759,3.4888902
3015760,34.93783
3015761,0.23841316
3015762,280.16867
3015763,158.8244
3015764,0.9532735
3015765,1.2541147
3015766,161.9724
3015767,17.663347
3015768,356.66028
3015769,0.60042965
3015770,3.409324
3015771,4.976122
3015772,0.053885803
3015773,3.6488543
3015774,2499.003
3015775,0.061394244
3015776,612.7059
3015777,10.651679
3015778,802.8941
3015779,823.69946
3015780,253.8121
3015781,212.01561
3015782,167.16718
3015783,3261.5132
3015784,21.68299
3015785,1.7836672
3015786,12.730522
3015787,15.123732
3015788,0.34121388
3015789,143.4584
3015790,4.771772
3015791,13.931176
3015792,5.812225
3015793,162.04903
3015794,2.3907542
3015795,273.52017
3015796,208.27673
3015797,5.590918
3015798,5.858857
3015799,390.3846
3015800,90.68989
3015801,1756.8958
3015802,0.68349206
3015803,23.872156
3015804,7.254269
3015805,0.026041945
3015806,1.9816384
3015807,2354.1802
3015808,0.0
3015809,573.747
3015810,8.024763
3015811,1047.7258
3015812,672.8827
3015813,347.47046
3015814,244.62497
3015815,99.17183
3015816,3787.2136
3015817,7.259896
3015818,1.2839534
3015819,24.072973
3015820,11.64763
3015821,0.5441113
3015822,180.5453
3015823,0.0035939366
3015824,1.900289
3015825,7.513109
3015826,119.56691
3015827,0.7046469
3015828,201.68607
3015829,307.06113
3015830,2.7217095
3015831,3.3747666
3015832,235.9909
3015833,65.84265
3015834,1011.1843
3015835,3.9234679
3015836,6.3835015
3015837,3.5359674
3015838,0.23973979
3015839,1.6716288
3015840,1382.071
3015841,0.0
3015842,326.99377
3015843,5.2406826
3015844,532.575
3015845,379.25266
3015846,156.6166
3015847,106.6036
3015848,55.20588
3015849,1970.1088
3015850,5.832556
3015851,0.609336
3015852,13.557123
3015853,10.046544
3015854,0.15685661
3015855,124.83145
3015856,0.0011232421
3015857,1.1095023
3015858,2.6727278
3015859,67.14916
3015860,0.729889
3015861,71.43903
3015862,151.53297
3015863,2.2808375
3015864,2.818334
3015865,111.642395
3015866,38.370853
3015867,632.1217
3015868,2.1491024
3015869,3.8398747
3015870,9.479277
3015871,0.4267437
3015872,9.823797
3015873,6969.4287
3015874,0.3415976
3015875,1174.4786
3015876,30.793726
3015877,2083.2964
3015878,2108.0044
3015879,398.01535
3015880,523.80084
3015881,460.616
3015882,7852.1836
3015883,78.02235
3015884,3.055591
3015885,46.95746
3015886,37.54213
3015887,1.9424218
3015888,348.24103
3015889,33.12009
3015890,25.266235
3015891,26.635733
3015892,225.67159
3015893,12.986953
3015894,819.59216
3015895,513.4058
3015896,12.454582
3015897,18.863163
3015898,1182.4171
3015899,369.0941
3015900,5463.7305
3015901,0.7919521
3015902,106.43529
3015903,3.1581895
3015904,0.06909542
3015905,0.63483286
3015906,967.5217
3015907,0.002758395
3015908,154.7282
3015909,2.614816
3015910,484.49847
3015911,232.06822
3015912,107.185196
3015913,124.697586
3015914,61.506577
3015915,1583.1853
3015916,3.4059858
3015917,0.9165638
3015918,9.937794
3015919,4.9692473
3015920,0.2973881
3015921,80.64001
3015922,0.42262894
3015923,0.0
3015924,4.0511127
3015925,55.175877
3015926,0.3695154
3015927,57.87229
3015928,105.13308
3015929,0.8933138
3015930,2.5650358
3015931,101.21729
3015932,23.222174
3015933,332.8341
3015934,0.87495947
3015935,3.43143
3015936,7.709009
3015937,0.5724066
3015938,2.6460047
3015939,1886.1106
3015940,0.0005836114
3015941,473.43842
3015942,5.61902
3015943,1274.7301
3015944,616.26105
3015945,253.17715
3015946,248.05472
3015947,114.529274
3015948,4004.9163
3015949,9.526376
3015950,0.72896916
3015951,15.173349
3015952,13.336789
3015953,0.38289875
3015954,199.70305
3015955,1.5391825
3015956,1.205324
3015957,12.599619
3015958,30.871805
3015959,0.67927974
3015960,311.8253
3015961,299.22357
3015962,1.5710638
3015963,4.975935
3015964,143.2666
3015965,74.66929
3015966,861.35614
3015967,2.813742
3015968,5.0860233
3015969,1.8215779
3015970,0.046520766
3015971,0.24276547
3015972,628.17194
3015973,0.003613297
3015974,100.175385
3015975,2.4074554
3015976,453.65646
3015977,149.96834
3015978,98.33956
3015979,141.2681
3015980,30.27023
3015981,1485.7085
3015982,1.7169961
3015983,0.47906122
3015984,7.6909075
3015985,2.536795
3015986,0.15858258
3015987,64.746735
3015988,0.0031164475
3015989,0.0065849996
3015990,2.210225
3015991,72.62174
3015992,0.102887414
3015993,58.86922
3015994,98.14595
3015995,0.13312924
3015996,0.85785306
3015997,63.58159
3015998,11.202336
3015999,125.04421
3016000,0.8910193
3016001,1.2024086
3016002,7.9224215
3016003,0.1551791
3016004,1.1141839
3016005,1415.4556
3016006,0.00038981624
3016007,278.7286
3016008,5.3500695
3016009,1077.0741
3016010,403.5871
3016011,201.4894
3016012,175.24005
3016013,79.41666
3016014,3117.731
3016015,2.977891
3016016,0.6983896
3016017,31.670511
3016018,12.442791
3016019,0.17768273
3016020,155.71986
3016021,0.0
3016022,0.03280532
3016023,12.786074
3016024,66.43447
3016025,0.96814203
3016026,256.0572
3016027,241.70842
3016028,0.7077417
3016029,3.2682314
3016030,220.22609
3016031,37.42336
3016032,852.2489
3016033,1.1253153
3016034,1.5707481
3016035,3.4102316
3016036,0.19403075
3016037,2.8307269
3016038,2325.6555
3016039,0.0028688684
3016040,684.86914
3016041,7.4931955
3016042,920.0345
3016043,597.31757
3016044,252.84175
3016045,118.7393
3016046,133.26971
3016047,3844.0193
3016048,5.521813
3016049,1.8362048
3016050,26.449183
3016051,24.010637
3016052,0.67277527
3016053,162.16637
3016054,3.718415
3016055,2.1489422
3016056,9.839593
3016057,53.285362
3016058,1.1534259
3016059,183.84323
3016060,320.62378
3016061,1.6855943
3016062,3.9825623
3016063,142.22166
3016064,34.60792
3016065,498.7347
3016066,5.0136943
3016067,3.1108847
3016068,4.473804
3016069,0.055770446
3016070,0.27417958
3016071,1158.9772
3016072,0.0
3016073,92.56407
3016074,1.6852596
3016075,481.01703
3016076,164.91794
3016077,83.553314
3016078,177.68167
3016079,54.44522
3016080,1762.7467
3016081,2.9203396
3016082,0.6135783
3016083,7.6829615
3016084,6.3173347
3016085,0.20357832
3016086,69.466866
3016087,0.0039706305
3016088,0.06763768
3016089,1.4503613
3016090,44.701775
3016091,0.29397985
3016092,165.84016
3016093,88.057816
3016094,0.28835684
3016095,0.76395416
3016096,58.54152
3016097,17.607151
3016098,232.95729
3016099,0.8126578
3016100,0.50477254
3016101,3.9540708
3016102,0.042521104
3016103,1.4517585
3016104,2098.817
3016105,0.0
3016106,491.83142
3016107,5.167063
3016108,878.88696
3016109,531.01434
3016110,211.93608
3016111,118.29639
3016112,104.94563
3016113,3433.1892
3016114,6.256401
3016115,0.51999503
3016116,21.396242
3016117,11.572057
3016118,0.20585613
3016119,150.8226
3016120,0.05802803
3016121,8.534947
3016122,3.191244
3016123,128.73026
3016124,0.6257675
3016125,203.98477
3016126,238.24925
3016127,1.1808585
3016128,3.25965
3016129,122.51575
3016130,52.93104
3016131,933.3197
3016132,5.0582833
3016133,1.0104772
3016134,4.023819
3016135,0.02220519
3016136,4.375678
3016137,2176.4888
3016138,0.15988964
3016139,557.09283
3016140,8.162555
3016141,1051.6747
3016142,913.8845
3016143,148.54845
3016144,154.50716
3016145,198.26512
3016146,3682.286
3016147,46.566017
3016148,1.9204358
3016149,22.644545
3016150,16.308771
3016151,0.33371317
3016152,167.42834
3016153,17.334631
3016154,13.108512
3016155,5.788724
3016156,110.083115
3016157,5.037989
3016158,249.6495
3016159,256.7396
3016160,6.8216205
3016161,6.7461104
3016162,254.76945
3016163,131.17204
3016164,1955.984
3016165,0.31402534
3016166,20.020214
3016167,6.664545
3016168,0.013056963
3016169,5.212192
3016170,1904.1624
3016171,0.10445333
3016172,541.25824
3016173,9.931987
3016174,1078.3032
3016175,843.3795
3016176,170.12386
3016177,119.88762
3016178,210.74918
3016179,3816.4885
3016180,26.782948
3016181,1.7389023
3016182,24.362452
3016183,18.793892
3016184,0.14515506
3016185,218.2981
3016186,18.697159
3016187,8.938563
3016188,13.079252
3016189,79.869514
3016190,5.3096275
3016191,186.16624
3016192,366.06488
3016193,4.090113
3016194,6.2898073
3016195,163.26237
3016196,120.54921
3016197,1529.195
3016198,0.32940304
3016199,19.638916
3016200,8.97561
3016201,0.27478722
3016202,3.9233334
3016203,2381.779
3016204,0.0035647564
3016205,717.36194
3016206,7.226176
3016207,1303.5818
3016208,538.3664
3016209,190.51506
3016210,405.22516
3016211,95.37168
3016212,4321.2466
3016213,28.940168
3016214,1.829057
3016215,23.986559
3016216,14.510064
3016217,0.42479038
3016218,216.16125
3016219,4.895295
3016220,8.126655
3016221,6.7999487
3016222,65.49908
3016223,2.014576
3016224,253.1692
3016225,312.2175
3016226,2.8805676
3016227,5.770145
3016228,214.4625
3016229,77.9512
3016230,1138.2277
3016231,1.9937999
3016232,10.974552
3016233,4.051213
3016234,0.01574518
3016235,4.159607
3016236,2262.1648
3016237,0.16799918
3016238,412.9476
3016239,6.917316
3016240,886.69946
3016241,815.6375
3016242,218.5416
3016243,172.30945
3016244,157.49698
3016245,3394.26
3016246,20.170658
3016247,1.1382229
3016248,14.848592
3016249,9.509157
3016250,0.40614977
3016251,164.51978
3016252,16.327477
3016253,9.657406
3016254,4.0209455
3016255,85.3706
3016256,3.704967
3016257,369.0108
3016258,231.15417
3016259,4.509907
3016260,5.7701073
3016261,463.69965
3016262,100.40176
3016263,1677.452
3016264,0.22158864
3016265,32.823727
3016266,3.989835
3016267,0.31649765
3016268,1.2066177
3016269,2421.3735
3016270,0.0
3016271,374.3513
3016272,5.9845343
3016273,1424.08
3016274,492.4102
3016275,258.5561
3016276,146.17697
3016277,75.53652
3016278,4467.749
3016279,9.020175
3016280,1.0595809
3016281,22.749407
3016282,16.882488
3016283,0.22295088
3016284,226.38268
3016285,0.0
3016286,0.15450262
3016287,8.34516
3016288,73.041664
3016289,0.99555784
3016290,116.646324
3016291,293.3918
3016292,1.2119259
3016293,4.427503
3016294,156.82074
3016295,50.892937
3016296,720.7836
3016297,2.1213503
3016298,3.2384753
3016299,4.964922
3016300,0.030024948
3016301,4.4726896
3016302,1592.7019
3016303,0.03258979
3016304,432.1885
3016305,7.818352
3016306,886.29297
3016307,579.08887
3016308,199.55545
3016309,119.5115
3016310,188.1647
3016311,2995.323
3016312,23.206852
3016313,0.79788077
3016314,18.095789
3016315,20.714895
3016316,0.28949606
3016317,152.7823
3016318,8.560071
3016319,10.076999
3016320,8.403153
3016321,72.81572
3016322,5.9577503
3016323,174.89195
3016324,267.68665
3016325,4.825491
3016326,4.9253144
3016327,164.60548
3016328,59.97125
3016329,1234.1886
3016330,0.6624033
3016331,7.9227643
3016332,1.7810838
3016333,0.015737655
3016334,2.523586
3016335,1184.755
3016336,0.18824363
3016337,241.55452
3016338,5.578517
3016339,386.96732
3016340,392.51028
3016341,72.7277
3016342,60.254894
3016343,75.72842
3016344,1476.0653
3016345,13.084702
3016346,0.5103785
3016347,9.7157955
3016348,12.629773
3016349,0.118338905
3016350,99.38603
3016351,8.664917
3016352,11.897366
3016353,2.1211767
3016354,36.762424
3016355,4.0112343
3016356,97.79529
3016357,107.97591
3016358,3.2545676
3016359,3.914375
3016360,109.03736
3016361,36.745975
3016362,1196.6549
3016363,0.256926
3016364,8.763044
3016365,6.1691947
3016366,0.048886556
3016367,1.184136
3016368,3095.546
3016369,0.0
3016370,311.7192
3016371,5.687439
3016372,1035.3091
3016373,372.66177
3016374,242.2339
3016375,146.40231
3016376,52.9276
3016377,3401.5823
3016378,4.2375364
3016379,1.1787797
3016380,15.664213
3016381,10.527105
3016382,0.13766718
3016383,146.8933
3016384,0.0
3016385,1.049659
3016386,3.3304708
3016387,90.20867
3016388,1.2234777
3016389,149.69173
3016390,226.20969
3016391,0.6973282
3016392,2.8733451
3016393,178.38225
3016394,61.926254
3016395,519.55023
3016396,1.7844298
3016397,0.73787
3016398,18.93071
3016399,0.0
3016400,12.070573
3016401,8241.739
3016402,0.3253081
3016403,1409.6044
3016404,23.856657
3016405,2561.3708
3016406,2610.1746
3016407,601.0518
3016408,649.4813
3016409,624.09875
3016410,9863.468
3016411,81.59142
3016412,4.1663218
3016413,85.35402
3016414,64.05294
3016415,1.9365135
3016416,426.3747
3016417,21.368196
3016418,13.257284
3016419,19.157364
3016420,334.48575
3016421,12.183273
3016422,973.9772
3016423,566.99445
3016424,21.680635
3016425,28.230461
3016426,1292.394
3016427,470.5933
3016428,6757.4585
3016429,17.370958
3016430,122.70678
3016431,15.892754
3016432,0.0
3016433,10.175797
3016434,6990.399
3016435,0.37010068
3016436,1162.5021
3016437,24.75208
3016438,2532.8813
3016439,2189.3225
3016440,650.92944
3016441,412.83826
3016442,538.9133
3016443,9880.36
3016444,84.24829
3016445,1.080618
3016446,50.37068
3016447,54.52309
3016448,1.3363183
3016449,436.52377
3016450,17.167406
3016451,18.425816
3016452,4.951345
3016453,213.15799
3016454,9.258696
3016455,1201.7423
3016456,646.7606
3016457,14.34107
3016458,20.186216
3016459,1322.3489
3016460,328.2014
3016461,4403.787
3016462,15.674963
3016463,97.28155
3016464,15.361886
3016465,0.0001536645
3016466,11.951512
3016467,4840.672
3016468,0.12978081
3016469,795.0763
3016470,15.225174
3016471,2307.8901
3016472,1478.8947
3016473,818.4384
3016474,177.10063
3016475,406.44482
3016476,8654.299
3016477,42.91098
3016478,1.4959654
3016479,28.941517
3016480,36.522434
3016481,1.3310248
3016482,453.39767
3016483,21.842478
3016484,10.99907
3016485,6.92038
3016486,123.70392
3016487,4.838315
3016488,1162.3783
3016489,756.7442
3016490,14.055613
3016491,16.92865
3016492,1030.5828
3016493,175.02869
3016494,2006.7772
3016495,12.405716
3016496,50.61729
3016497,16.127346
3016498,0.0
3016499,12.487989
3016500,6657.043
3016501,0.36609277
3016502,1126.6271
3016503,18.314775
3016504,2340.6797
3016505,2051.661
3016506,646.43634
3016507,356.36154
3016508,439.48846
3016509,9379.603
3016510,65.88137
3016511,1.8009943
3016512,42.973778
3016513,47.648026
3016514,1.8494935
3016515,445.39905
3016516,20.113657
3016517,16.577059
3016518,4.977586
3016519,170.42581
3016520,7.880142
3016521,901.89526
3016522,716.6234
3016523,14.381368
3016524,19.381428
3016525,1187.6002
3016526,287.82422
3016527,4064.1692
3016528,11.731664
3016529,85.999626
3016530,13.873293
3016531,0.0038482398
3016532,10.807452
3016533,3896.3555
3016534,0.035673097
3016535,716.1535
3016536,15.30697
3016537,2163.9602
3016538,1247.1776
3016539,657.9477
3016540,141.73592
3016541,319.30426
3016542,7745.3525
3016543,44.02685
3016544,0.89460367
3016545,34.85373
3016546,26.068474
3016547,0.8644782
3016548,415.90833
3016549,17.715673
3016550,6.4201407
3016551,4.964302
3016552,106.59184
3016553,3.237786
3016554,981.4016
3016555,722.7156
3016556,10.20624
3016557,14.478678
3016558,911.2554
3016559,131.44586
3016560,1474.4186
3016561,16.11744
3016562,30.14049
3016563,10.66671
3016564,0.0018427446
3016565,8.050095
3016566,5728.5737
3016567,0.28293964
3016568,1068.0995
3016569,22.266113
3016570,1724.0259
3016571,1978.0211
3016572,377.06735
3016573,440.10248
3016574,441.57275
3016575,6811.172
3016576,65.930244
3016577,1.7299349
3016578,42.55249
3016579,27.926662
3016580,1.025005
3016581,305.4746
3016582,11.414306
3016583,17.427551
3016584,9.152583
3016585,225.30873
3016586,9.027929
3016587,748.45026
3016588,406.9641
3016589,11.073313
3016590,21.811804
3016591,922.46533
3016592,302.29684
3016593,5089.4795
3016594,8.692714
3016595,87.379715
3016596,5.5214014
3016597,0.13727744
3016598,5.1976447
3016599,1559.5721
3016600,0.14513247
3016601,385.0111
3016602,16.627548
3016603,985.6761
3016604,532.95776
3016605,247.09114
3016606,111.33132
3016607,165.54573
3016608,3147.1658
3016609,20.063463
3016610,1.0259938
3016611,19.112616
3016612,23.696247
3016613,0.5782052
3016614,152.60487
3016615,9.4539175
3016616,2.9606287
3016617,17.920023
3016618,66.18554
3016619,4.144309
3016620,281.44272
3016621,270.8952
3016622,2.0151188
3016623,5.0686717
3016624,254.9451
3016625,88.45056
3016626,1049.9514
3016627,0.56467026
3016628,13.178468
3016629,11.652196
3016630,8.997368e-05
3016631,7.830927
3016632,3335.3623
3016633,0.18137829
3016634,585.8786
3016635,23.833176
3016636,1609.9661
3016637,1040.2056
3016638,463.76324
3016639,113.97407
3016640,273.14188
3016641,6073.4814
3016642,47.161503
3016643,1.515709
3016644,52.395916
3016645,48.40841
3016646,0.6311237
3016647,288.42935
3016648,14.173484
3016649,5.395867
3016650,5.9344845
3016651,115.507576
3016652,4.963537
3016653,601.99585
3016654,498.1356
3016655,6.001747
3016656,15.156374
3016657,448.62836
3016658,120.51402
3016659,1541.0892
3016660,10.641617
3016661,23.402138
3016662,6.952255
3016663,0.0006127842
3016664,4.9079475
3016665,4210.6675
3016666,0.16107027
3016667,871.24365
3016668,10.241296
3016669,1461.4769
3016670,1506.915
3016671,258.41095
3016672,334.2874
3016673,338.6099
3016674,4951.6733
3016675,32.245705
3016676,1.4296329
3016677,22.27235
3016678,21.552202
3016679,1.1151769
3016680,214.56331
3016681,2.7338035
3016682,17.98763
3016683,6.451716
3016684,163.33961
3016685,6.214711
3016686,635.86865
3016687,289.75275
3016688,11.743763
3016689,7.6091866
3016690,885.2949
3016691,167.92953
3016692,3595.9275
3016693,6.479267
3016694,65.233
3016695,0.88165826
3016696,0.0030852333
3016697,0.57692486
3016698,323.1838
3016699,0.0
3016700,58.33461
3016701,0.7694702
3016702,120.54627
3016703,83.652275
3016704,26.867376
3016705,14.931108
3016706,23.81638
3016707,433.72314
3016708,3.4369228
3016709,0.23331302
3016710,4.191836
3016711,3.7368915
3016712,0.0720561
3016713,26.964098
3016714,0.7554252
3016715,4.6993914
3016716,0.5625161
3016717,14.407817
3016718,0.7414545
3016719,34.853977
3016720,27.070568
3016721,1.0466293
3016722,2.0000055
3016723,34.52748
3016724,9.630045
3016725,350.85367
3016726,1.3259203
3016727,0.7317091
3016728,5.0485415
3016729,0.014434639
3016730,3.5956972
3016731,1332.7905
3016732,0.046937395
3016733,333.32785
3016734,5.59042
3016735,678.66364
3016736,364.5837
3016737,157.06941
3016738,68.746704
3016739,121.56485
3016740,2034.8666
3016741,11.057689
3016742,0.9717496
3016743,14.8716
3016744,14.542403
3016745,0.09861524
3016746,123.92945
3016747,2.8035257
3016748,3.8390775
3016749,5.3465357
3016750,72.742386
3016751,2.1965382
3016752,178.88618
3016753,187.0777
3016754,2.2104955
3016755,3.688115
3016756,147.59195
3016757,53.80618
3016758,1183.4823
3016759,0.8288783
3016760,4.184413
3016761,5.8326
3016762,0.18480572
3016763,0.60108036
3016764,1344.6
3016765,0.0
3016766,221.82925
3016767,3.1502051
3016768,1057.1576
3016769,189.95625
3016770,189.04588
3016771,73.189514
3016772,35.77827
3016773,2681.047
3016774,8.024611
3016775,0.7032247
3016776,15.924069
3016777,9.295766
3016778,0.17962928
3016779,142.01053
3016780,0.004730515
3016781,6.634742e-06
3016782,4.273418
3016783,23.587326
3016784,0.48986027
3016785,52.344986
3016786,184.05945
3016787,0.10796722
3016788,2.0947113
3016789,54.41213
3016790,62.972237
3016791,378.99393
3016792,0.65118164
3016793,1.7200904
3016794,5.428329
3016795,0.0071069463
3016796,5.7965913
3016797,3123.0974
3016798,0.047895607
3016799,555.91943
3016800,10.065811
3016801,1242.8805
3016802,990.52856
3016803,347.19925
3016804,204.31187
3016805,231.66138
3016806,4706.2324
3016807,35.018845
3016808,0.93907744
3016809,18.656338
3016810,31.227974
3016811,0.40119168
3016812,216.78331
3016813,20.568823
3016814,7.949939
3016815,7.9689765
3016816,94.66991
3016817,3.884474
3016818,497.73975
3016819,327.51477
3016820,6.317721
3016821,8.269571
3016822,650.5114
3016823,140.27133
3016824,1838.4159
3016825,0.29051304
3016826,43.585133
3016827,4.3350635
3016828,0.03052503
3016829,3.6908631
3016830,3443.9937
3016831,0.13671984
3016832,656.57837
3016833,12.033164
3016834,1060.5981
3016835,1266.8574
3016836,170.41048
3016837,287.15994
3016838,266.36115
3016839,3779.1416
3016840,40.213436
3016841,2.1246579
3016842,15.500053
3016843,14.792336
3016844,0.78171295
3016845,160.62395
3016846,7.6960216
3016847,19.746557
3016848,8.820767
3016849,163.20393
3016850,7.0471544
3016851,523.64496
3016852,218.78491
3016853,4.0912495
3016854,7.371536
3016855,633.3063
3016856,182.8533
3016857,3549.2583
3016858,0.33979514
3016859,57.911236
3016860,5.3529954
3016861,0.086896345
3016862,7.4038005
3016863,3889.946
3016864,0.20450161
3016865,768.0723
3016866,15.956105
3016867,1265.4307
3016868,1453.4961
3016869,281.3329
3016870,328.30182
3016871,246.58528
3016872,4783.619
3016873,41.232704
3016874,2.4454508
3016875,32.018368
3016876,27.509182
3016877,1.1890069
3016878,249.10675
3016879,26.53296
3016880,17.56543
3016881,22.06926
3016882,150.30547
3016883,8.765342
3016884,516.55914
3016885,333.4181
3016886,10.8132925
3016887,11.975316
3016888,626.53516
3016889,210.28595
3016890,3270.6758
3016891,0.44926468
3016892,55.679356
3016893,14.039653
3016894,0.2099143
3016895,5.6159434
3016896,2858.5608
3016897,0.0027246363
3016898,563.9994
3016899,10.326697
3016900,1739.3433
3016901,777.0878
3016902,594.17505
3016903,197.71619
3016904,131.29678
3016905,6237.988
3016906,11.460284
3016907,1.8773552
3016908,35.733757
3016909,20.872543
3016910,0.39029709
3016911,307.81677
3016912,10.1703205
3016913,4.4844337
3016914,8.907509
3016915,52.890293
3016916,1.7649752
3016917,378.1877
3016918,450.07663
3016919,3.6196928
3016920,7.325918
3016921,492.30557
3016922,90.35791
3016923,1031.9948
3016924,6.0192013
3016925,16.576824
3016926,3.3445477
3016927,0.0
3016928,2.456969
3016929,1635.373
3016930,0.12946916
3016931,342.69293
3016932,10.93162
3016933,640.56726
3016934,643.93695
3016935,123.302
3016936,139.91872
3016937,132.32486
3016938,2255.405
3016939,21.719908
3016940,1.6018804
3016941,16.000051
3016942,13.831907
3016943,0.35109732
3016944,108.17589
3016945,10.086652
3016946,9.299653
3016947,6.4712667
3016948,102.42376
3016949,3.4173572
3016950,314.10986
3016951,131.52347
3016952,3.7368379
3016953,5.617142
3016954,293.79187
3016955,82.58243
3016956,1549.743
3016957,0.18565841
3016958,25.994213
3016959,3.1314352
3016960,0.29200444
3016961,1.3645357
3016962,927.124
3016963,0.0033336803
3016964,113.41764
3016965,2.8274307
3016966,778.3244
3016967,263.88553
3016968,253.39702
3016969,50.448727
3016970,45.829346
3016971,2477.2556
3016972,3.6954772
3016973,0.69173324
3016974,7.9705777
3016975,5.803089
3016976,0.17752036
3016977,128.96255
3016978,3.5215788
3016979,0.016283518
3016980,3.1712265
3016981,12.391141
3016982,0.26490572
3016983,184.47125
3016984,180.17455
3016985,0.3527396
3016986,2.4774213
3016987,180.57199
3016988,21.382505
3016989,159.33974
3016990,0.5533565
3016991,2.7841399
3016992,6.770627
3016993,0.20252246
3016994,4.840964
3016995,3752.8633
3016996,0.0
3016997,609.98956
3016998,10.881641
3016999,1961.6084
3017000,537.96954
3017001,441.8778
3017002,164.58066
3017003,107.62281
3017004,6673.7188
3017005,17.90881
3017006,0.7268096
3017007,25.602388
3017008,14.989432
3017009,0.40888837
3017010,352.52795
3017011,8.442545
3017012,1.6393058
3017013,10.945075
3017014,44.925747
3017015,1.5902815
3017016,622.17566
3017017,397.11246
3017018,1.0701064
3017019,8.274744
3017020,523.0684
3017021,56.85743
3017022,845.7088
3017023,4.1916995
3017024,8.446023
3017025,4.790125
3017026,0.11666005
3017027,0.95267254
3017028,1342.5542
3017029,0.002835188
3017030,182.5941
3017031,6.553562
3017032,775.311
3017033,349.85577
3017034,201.18767
3017035,78.22861
3017036,49.997993
3017037,2531.2559
3017038,6.3822956
3017039,0.9831308
3017040,11.080541
3017041,8.9400215
3017042,0.23051922
3017043,120.8689
3017044,1.389447
3017045,0.011114275
3017046,6.3599486
3017047,39.314713
3017048,0.7930473
3017049,145.79762
3017050,158.73949
3017051,0.54714584
3017052,3.1629083
3017053,187.64139
3017054,34.158882
3017055,217.26578
3017056,0.5633781
3017057,2.6842778
3017058,5.648108
3017059,0.0010058004
3017060,1.2873323
3017061,1333.9158
3017062,0.0
3017063,161.09499
3017064,4.4088626
3017065,790.2592
3017066,282.5265
3017067,162.40329
3017068,54.54034
3017069,34.996372
3017070,2767.1648
3017071,7.4225664
3017072,0.5439311
3017073,11.411826
3017074,8.704125
3017075,0.1540858
3017076,114.390335
3017077,2.926862
3017078,0.013809258
3017079,2.886887
3017080,32.879402
3017081,0.49135342
3017082,153.49052
3017083,183.50072
3017084,0.25618312
3017085,2.5493293
3017086,123.148026
3017087,28.367113
3017088,126.99497
3017089,0.41992828
3017090,1.8950893
3017091,3.6673775
3017092,0.006690259
3017093,1.1338353
3017094,997.04834
3017095,0.0
3017096,189.33418
3017097,4.9563146
3017098,1098.6229
3017099,369.30704
3017100,227.54042
3017101,37.783146
3017102,63.756836
3017103,2663.1377
3017104,5.9669986
3017105,0.3498844
3017106,13.199189
3017107,13.31311
3017108,0.18974778
3017109,164.9032
3017110,1.0254749
3017111,0.0
3017112,4.556324
3017113,25.21995
3017114,0.85084146
3017115,291.71054
3017116,277.86694
3017117,0.46877754
3017118,3.1868994
3017119,97.34418
3017120,62.242867
3017121,243.50882
3017122,0.33797014
3017123,3.9280972
3017124,2.6964104
3017125,1.0195953
3017126,1.885514
3017127,1280.1782
3017128,0.0
3017129,152.24692
3017130,3.2512553
3017131,879.3822
3017132,316.80176
3017133,277.90445
3017134,81.557915
3017135,68.06401
3017136,2753.5022
3017137,9.597367
3017138,0.9200747
3017139,31.09063
3017140,11.217175
3017141,0.109197095
3017142,157.75467
3017143,5.9974213
3017144,0.00903499
3017145,4.8692436
3017146,24.788456
3017147,0.80686384
3017148,126.584114
3017149,183.89716
3017150,0.4221825
3017151,2.8497303
3017152,131.1522
3017153,31.58017
3017154,417.43942
3017155,0.441978
3017156,5.1399612
3017157,5.795862
3017158,0.09988879
3017159,0.8538155
3017160,1133.3368
3017161,0.00027264282
3017162,202.55708
3017163,3.9115922
3017164,1012.6475
3017165,256.6316
3017166,216.95427
3017167,184.33188
3017168,43.40401
3017169,2579.2173
3017170,5.768698
3017171,0.5985499
3017172,13.530946
3017173,8.367591
3017174,0.12726775
3017175,143.92203
3017176,0.0
3017177,0.018936576
3017178,3.7878706
3017179,36.16101
3017180,0.61835766
3017181,75.52911
3017182,197.23535
3017183,0.28374383
3017184,2.0849261
3017185,95.70333
3017186,41.99928
3017187,398.86377
3017188,1.5199373
3017189,2.627825
3017190,6.292575
3017191,0.16196246
3017192,1.8622919
3017193,2500.2434
3017194,0.0
3017195,256.3479
3017196,5.047771
3017197,1081.509
3017198,573.42126
3017199,436.47742
3017200,187.8639
3017201,100.5679
3017202,3924.5896
3017203,8.276296
3017204,0.73105484
3017205,18.181778
3017206,17.009035
3017207,0.1869409
3017208,203.13666
3017209,2.0679955
3017210,0.14209954
3017211,5.564019
3017212,39.77499
3017213,1.3457035
3017214,256.5215
3017215,234.08345
3017216,1.0833429
3017217,5.513606
3017218,310.54437
3017219,67.18838
3017220,801.87085
3017221,0.5307141
3017222,11.21926
3017223,3.8030856
3017224,0.10247281
3017225,2.0187528
3017226,1703.8846
3017227,0.0011598226
3017228,656.0734
3017229,5.061603
3017230,604.755
3017231,490.3983
3017232,209.47006
3017233,164.08163
3017234,58.235683
3017235,2493.6704
3017236,16.999651
3017237,0.9919658
3017238,15.434467
3017239,8.968557
3017240,0.16156459
3017241,116.42119
3017242,6.7750406
3017243,1.4918269
3017244,4.1583986
3017245,57.959343
3017246,1.2375815
3017247,97.88795
3017248,152.02765
3017249,1.9584607
3017250,4.6380363
3017251,201.1352
3017252,50.761986
3017253,933.0451
3017254,1.9450203
3017255,8.974731
3017256,6.733097
3017257,0.1282131
3017258,1.6495047
3017259,2038.4261
3017260,0.003958039
3017261,180.10172
3017262,5.7333846
3017263,944.8621
3017264,305.63104
3017265,283.61945
3017266,67.08138
3017267,64.127266
3017268,3088.8032
3017269,10.091046
3017270,1.2831345
3017271,15.205755
3017272,9.122218
3017273,0.16999991
3017274,134.1719
3017275,5.710849
3017276,0.019587329
3017277,4.6307526
3017278,34.141563
3017279,1.0798194
3017280,142.46802
3017281,191.69702
3017282,0.61008775
3017283,3.1517324
3017284,127.57272
3017285,33.980034
3017286,285.07123
3017287,0.53784925
3017288,4.1994333
3017289,5.557682
3017290,0.05264868
3017291,4.727507
3017292,2561.4622
3017293,0.15377013
3017294,565.7274
3017295,8.559844
3017296,974.45483
3017297,883.8657
3017298,249.01364
3017299,187.81299
3017300,165.89914
3017301,4020.6606
3017302,32.02335
3017303,1.2011286
3017304,19.083134
3017305,15.442244
3017306,0.49892107
3017307,190.33307
3017308,18.847212
3017309,8.331941
3017310,8.700161
3017311,88.19053
3017312,4.0682483
3017313,507.43845
3017314,268.90262
3017315,5.8250556
3017316,6.08674
3017317,505.69135
3017318,127.22381
3017319,1777.5476
3017320,0.49035963
3017321,32.784916
3017322,4.8245993
3017323,0.33202222
3017324,3.0395226
3017325,1750.8889
3017326,0.00044072978
3017327,276.58887
3017328,4.2615986
3017329,750.93115
3017330,437.70267
3017331,348.48907
3017332,71.47232
3017333,64.34185
3017334,3034.657
3017335,7.5218325
3017336,0.45839247
3017337,16.147621
3017338,9.026775
3017339,0.10616969
3017340,172.94179
3017341,4.4602623
3017342,3.318617
3017343,2.0059764
3017344,24.958242
3017345,0.6802449
3017346,170.9002
3017347,225.54381
3017348,1.5888902
3017349,2.9473007
3017350,216.4276
3017351,47.495697
3017352,533.4165
3017353,3.0377426
3017354,7.3273144
3017355,5.0078216
3017356,0.31263968
3017357,2.3264437
3017358,1249.4309
3017359,0.0
3017360,233.64928
3017361,3.5815358
3017362,610.02216
3017363,267.9014
3017364,154.37778
3017365,103.08267
3017366,46.73365
3017367,2011.209
3017368,6.5373054
3017369,0.44741684
3017370,16.901161
3017371,14.315922
3017372,0.14914757
3017373,154.33925
3017374,2.5558257
3017375,1.2149802
3017376,4.415549
3017377,32.298717
3017378,1.0266427
3017379,53.67032
3017380,156.04852
3017381,0.9076204
3017382,3.831046
3017383,83.262726
3017384,49.583538
3017385,611.1124
3017386,2.251029
3017387,2.7812247
3017388,2.3466518
3017389,0.1289342
3017390,0.65274924
3017391,538.61084
3017392,0.0
3017393,56.87498
3017394,3.8356252
3017395,264.06897
3017396,128.95082
3017397,69.107056
3017398,22.479507
3017399,31.918707
3017400,988.3258
3017401,2.4772904
3017402,0.44185314
3017403,17.070301
3017404,8.109073
3017405,0.14579822
3017406,66.59466
3017407,0.21605577
3017408,0.0064708698
3017409,3.0391536
3017410,13.641888
3017411,1.2158953
3017412,44.766144
3017413,67.619286
3017414,0.41272774
3017415,2.4048574
3017416,52.44446
3017417,19.216604
3017418,169.4753
3017419,0.2405672
3017420,0.915591
3017421,2.30884
3017422,0.0005413778
3017423,1.5760411
3017424,1214.7854
3017425,0.056258593
3017426,274.522
3017427,9.430856
3017428,572.162
3017429,479.17532
3017430,133.30563
3017431,54.76335
3017432,103.63375
3017433,1997.3943
3017434,24.605911
3017435,0.14183664
3017436,7.256091
3017437,9.524653
3017438,0.21247028
3017439,92.81711
3017440,7.2967463
3017441,0.986094
3017442,4.424652
3017443,55.080143
3017444,2.2939615
3017445,624.6967
3017446,141.97336
3017447,1.8757445
3017448,2.6829314
3017449,306.8071
3017450,49.89864
3017451,849.25226
3017452,0.18684718
3017453,15.419046
3017454,3.2666626
3017455,0.045285217
3017456,5.0682735
3017457,2894.248
3017458,0.14197461
3017459,702.18494
3017460,11.562003
3017461,1101.6182
3017462,1103.1621
3017463,253.11449
3017464,202.0577
3017465,214.14676
3017466,3777.3252
3017467,26.324717
3017468,1.1719999
3017469,16.469727
3017470,30.521608
3017471,0.37000328
3017472,183.30002
3017473,9.051629
3017474,14.127259
3017475,9.028602
3017476,100.17487
3017477,7.01559
3017478,384.4809
3017479,265.45493
3017480,9.510698
3017481,7.7108707
3017482,499.87332
3017483,128.12694
3017484,2428.929
3017485,0.58757037
3017486,34.8778
3017487,2.1184993
3017488,0.018438146
3017489,2.374029
3017490,1757.0369
3017491,0.07813949
3017492,286.40207
3017493,4.715838
3017494,457.11136
3017495,475.65002
3017496,124.1509
3017497,104.47565
3017498,174.96252
3017499,1681.1208
3017500,11.596681
3017501,0.8955321
3017502,19.443846
3017503,12.031425
3017504,0.14565167
3017505,70.49843
3017506,0.0
3017507,10.520405
3017508,7.6634436
3017509,173.95667
3017510,3.5034692
3017511,197.75705
3017512,105.79047
3017513,2.201501
3017514,3.428025
3017515,158.35507
3017516,50.447716
3017517,926.1197
3017518,0.36126256
3017519,5.3315063
3017520,3.5476174
3017521,0.060511257
3017522,0.92994773
3017523,817.497
3017524,0.008302587
3017525,222.88506
3017526,4.721153
3017527,433.4107
3017528,243.02435
3017529,90.063866
3017530,40.61917
3017531,82.010544
3017532,1618.1672
3017533,4.30242
3017534,0.7979514
3017535,8.180499
3017536,5.7323174
3017537,0.21930212
3017538,59.97332
3017539,1.2080089
3017540,1.7380805
3017541,3.4720726
3017542,34.085835
3017543,0.24468182
3017544,280.45013
3017545,158.7007
3017546,0.956352
3017547,1.2495153
3017548,162.21735
3017549,17.611746
3017550,359.34598
3017551,0.5721444
3017552,3.3855407
3017553,5.0219803
3017554,0.056597874
3017555,3.6453073
3017556,2509.2524
3017557,0.06418039
3017558,614.6013
3017559,10.691626
3017560,803.69556
3017561,825.5861
3017562,254.76834
3017563,212.5295
3017564,166.98387
3017565,3269.2017
3017566,21.742342
3017567,1.8018088
3017568,12.723339
3017569,15.162488
3017570,0.33247292
3017571,144.60071
3017572,4.826906
3017573,14.079671
3017574,5.790525
3017575,161.8606
3017576,2.380437
3017577,273.27872
3017578,208.6391
3017579,5.5914607
3017580,5.898925
3017581,391.42746
3017582,90.690735
3017583,1763.1534
3017584,0.66638273
3017585,23.914137
3017586,7.2428246
3017587,0.027661135
3017588,1.9884617
3017589,2348.7231
3017590,0.0
3017591,574.8904
3017592,8.039567
3017593,1046.4106
3017594,672.6225
3017595,347.84378
3017596,243.97949
3017597,99.06576
3017598,3794.2556
3017599,7.2686987
3017600,1.2708695
3017601,24.007547
3017602,11.626684
3017603,0.5489585
3017604,180.56877
3017605,0.00017292611
3017606,1.929716
3017607,7.523359
3017608,118.462555
3017609,0.6949563
3017610,201.64795
3017611,308.08582
3017612,2.7483432
3017613,3.3965101
3017614,236.66428
3017615,65.77993
3017616,1014.19855
3017617,3.8976133
3017618,6.3884473
3017619,3.5442493
3017620,0.23367459
3017621,1.6724739
3017622,1387.1981
3017623,0.0014626235
3017624,328.81033
3017625,5.295246
3017626,529.4907
3017627,379.87595
3017628,156.74438
3017629,107.07268
3017630,55.6047
3017631,1970.8582
3017632,5.8392067
3017633,0.61157525
3017634,13.530082
3017635,10.039754
3017636,0.15275519
3017637,124.38142
3017638,0.0019687116
3017639,1.1391038
3017640,2.6828651
3017641,66.93311
3017642,0.73127675
3017643,71.00344
3017644,152.41219
3017645,2.2844741
3017646,2.8002603
3017647,112.587074
3017648,38.203995
3017649,631.1022
3017650,2.2008104
3017651,3.8209944
3017652,9.510068
3017653,0.43110418
3017654,9.871884
3017655,6982.1143
3017656,0.33676547
3017657,1174.3098
3017658,30.979498
3017659,2082.0254
3017660,2105.9587
3017661,398.70636
3017662,524.12146
3017663,463.21826
3017664,7856.7
3017665,78.09041
3017666,3.0617392
3017667,47.04128
3017668,37.58988
3017669,1.9304751
3017670,348.5434
3017671,33.364338
3017672,25.312838
3017673,26.770472
3017674,223.27757
3017675,12.969313
3017676,819.5143
3017677,513.1328
3017678,12.498895
3017679,18.984043
3017680,1183.6904
3017681,369.76016
3017682,5502.854
3017683,0.79960984
3017684,106.23878
3017685,3.146407
3017686,0.06963778
3017687,0.6325274
3017688,971.2875
3017689,0.0
3017690,154.7586
3017691,2.596186
3017692,488.32236
3017693,231.92702
3017694,107.16557
3017695,124.52408
3017696,61.72455
3017697,1584.0829
3017698,3.3614674
3017699,0.9186916
3017700,9.887366
3017701,4.9909935
3017702,0.29544994
3017703,80.69178
3017704,0.42471623
3017705,0.00016433932
3017706,4.0734463
3017707,54.542248
3017708,0.3740435
3017709,57.75473
3017710,104.51209
3017711,0.89933145
3017712,2.5668466
3017713,101.31442
3017714,23.169516
3017715,332.9391
3017716,0.8732648
3017717,3.3826756
3017718,7.723512
3017719,0.58218086
3017720,2.6410635
3017721,1883.6504
3017722,0.0009532217
3017723,473.83426
3017724,5.6103415
3017725,1271.8722
3017726,614.35406
3017727,253.24417
3017728,248.31921
3017729,113.14287
3017730,4000.2295
3017731,9.571645
3017732,0.72697467
3017733,15.149553
3017734,13.4163885
3017735,0.3818685
3017736,199.39548
3017737,1.5421895
3017738,1.2279139
3017739,12.51712
3017740,30.781134
3017741,0.6877912
3017742,311.70462
3017743,299.48114
3017744,1.5821537
3017745,5.016647
3017746,142.90276
3017747,74.69701
3017748,863.438
3017749,2.7510679
3017750,5.098542
3017751,1.8395479
3017752,0.046303123
3017753,0.23688182
3017754,626.22906
3017755,0.0
3017756,100.28451
3017757,2.4027185
3017758,451.1049
3017759,149.98903
3017760,98.40444
3017761,141.2608
3017762,29.552946
3017763,1485.9552
3017764,1.6996291
3017765,0.48033342
3017766,7.6624393
3017767,2.533816
3017768,0.16577557
3017769,65.10376
3017770,0.0
3017771,0.006556388
3017772,2.2021997
3017773,72.3152
3017774,0.1040805
3017775,58.69033
3017776,98.17362
3017777,0.13302301
3017778,0.86323386
3017779,63.638718
3017780,11.2547455
3017781,125.32496
3017782,0.8789415
3017783,1.2051067
3017784,7.962363
3017785,0.15812144
3017786,1.1202035
3017787,1415.6708
3017788,0.0018831827
3017789,278.769
3017790,5.418496
3017791,1075.2207
3017792,403.4988
3017793,201.54135
3017794,175.6587
3017795,78.84099
3017796,3108.17
3017797,2.9671047
3017798,0.7035097
3017799,31.629137
3017800,12.515468
3017801,0.17694984
3017802,154.78326
3017803,0.0018984377
3017804,0.03300075
3017805,12.748743
3017806,65.75684
3017807,0.9611145
3017808,256.55322
3017809,241.50528
3017810,0.71681345
3017811,3.2642348
3017812,219.94357
3017813,37.394745
3017814,858.38916
3017815,1.1437644
3017816,1.5595224
3017817,3.4226933
3017818,0.19730295
3017819,2.8378508
3017820,2325.027
3017821,0.003887795
3017822,683.9212
3017823,7.497926
3017824,920.3019
3017825,596.95215
3017826,252.83664
3017827,119.30462
3017828,133.32167
3017829,3849.6777
3017830,5.556072
3017831,1.858076
3017832,26.458572
3017833,24.164133
3017834,0.6772204
3017835,161.9452
3017836,3.704445
3017837,2.1358485
3017838,9.846434
3017839,52.8674
3017840,1.1398972
3017841,183.82368
3017842,319.69656
3017843,1.6896306
3017844,4.010427
3017845,141.87823
3017846,34.571148
3017847,498.39957
3017848,4.9732637
3017849,3.1191761
3017850,4.45461
3017851,0.05495042
3017852,0.27064794
3017853,1154.3811
3017854,0.0
3017855,92.69222
3017856,1.6673138
3017857,480.9604
3017858,164.9323
3017859,83.36629
3017860,177.37193
3017861,54.77137
3017862,1772.1073
3017863,2.9405713
3017864,0.61231005
3017865,7.641157
3017866,6.29634
3017867,0.20521468
3017868,69.40814
3017869,0.0029933155
3017870,0.051180165
3017871,1.4631855
3017872,44.786907
3017873,0.28954
3017874,165.48656
3017875,87.67193
3017876,0.2861793
3017877,0.75001967
3017878,58.67339
3017879,17.512552
3017880,232.74266
3017881,0.8120845
3017882,0.5044561
3017883,3.955047
3017884,0.042566624
3017885,1.4524852
3017886,2100.8123
3017887,0.0027057007
3017888,490.3993
3017889,5.117101
3017890,877.3719
3017891,531.51276
3017892,211.95752
3017893,117.66856
3017894,105.69092
3017895,3436.4802
3017896,6.2653704
3017897,0.52170163
3017898,21.543869
3017899,11.553116
3017900,0.20581427
3017901,150.7324
3017902,0.05911181
3017903,8.52774
3017904,3.1580336
3017905,128.18843
3017906,0.6282662
3017907,204.23114
3017908,238.42714
3017909,1.1856477
3017910,3.2782948
3017911,122.152916
3017912,52.925564
3017913,932.8691
3017914,4.9819345
3017915,1.0074327
3017916,4.0475903
3017917,0.021531506
3017918,4.397525
3017919,2178.5586
3017920,0.15621306
3017921,556.6531
3017922,8.153739
3017923,1050.7937
3017924,913.42255
3017925,148.72499
3017926,154.53491
3017927,196.81723
3017928,3680.7432
3017929,46.458225
3017930,1.9207948
3017931,22.635809
3017932,16.271544
3017933,0.33423224
3017934,167.80731
3017935,17.355461
3017936,13.165586
3017937,5.8201647
3017938,109.67194
3017939,5.0296836
3017940,249.27583
3017941,257.28766
3017942,6.816865
3017943,6.7701454
3017944,254.37914
3017945,131.10043
3017946,1956.2085
3017947,0.3157255
3017948,20.051882
3017949,6.692552
3017950,0.012842116
3017951,5.2300324
3017952,1900.7787
3017953,0.10582305
3017954,541.01715
3017955,9.908845
3017956,1077.4003
3017957,844.0882
3017958,170.19214
3017959,119.92087
3017960,214.02359
3017961,3824.8674
3017962,26.896133
3017963,1.7500836
3017964,24.382822
3017965,18.526407
3017966,0.14741032
3017967,218.60243
3017968,18.762907
3017969,8.972279
3017970,13.154886
3017971,79.508446
3017972,5.3348284
3017973,185.49312
3017974,365.12216
3017975,4.1328487
3017976,6.3352203
3017977,162.93007
3017978,120.63466
3017979,1529.2661
3017980,0.33306402
3017981,19.59553
3017982,8.9144945
3017983,0.2820734
3017984,3.928166
3017985,2383.443
3017986,6.3329935e-05
3017987,717.6111
3017988,7.161017
3017989,1306.0271
3017990,539.2084
3017991,190.5853
3017992,409.12897
3017993,95.39371
3017994,4322.8413
3017995,29.067076
3017996,1.8283031
3017997,24.280882
3017998,14.522559
3017999,0.4315884
3018000,217.50395
3018001,4.9628606
3018002,8.108441
3018003,6.853284
3018004,65.44564
3018005,2.032068
3018006,237.0941
3018007,312.00436
3018008,2.8778956
3018009,5.821258
3018010,214.8933
3018011,77.81622
3018012,1139.7365
3018013,1.9944956
3018014,10.902968
3018015,4.0492115
3018016,0.015195497
3018017,4.1927223
3018018,2265.6409
3018019,0.16625893
3018020,412.58862
3018021,6.8849435
3018022,888.41974
3018023,816.5823
3018024,218.68985
3018025,172.67902
3018026,157.16855
3018027,3404.6985
3018028,20.228575
3018029,1.1477275
3018030,15.045043
3018031,9.491826
3018032,0.40430778
3018033,164.73975
3018034,16.303059
3018035,9.634685
3018036,4.0376782
3018037,85.32264
3018038,3.7189686
3018039,369.61398
3018040,231.72748
3018041,4.519925
3018042,5.7961965
3018043,464.8191
3018044,100.18271
3018045,1685.7285
3018046,0.22371496
3018047,32.978767
3018048,3.9787662
3018049,0.30789247
3018050,1.2192372
3018051,2416.848
3018052,0.0
3018053,373.96136
3018054,5.9742255
3018055,1427.3236
3018056,491.29294
3018057,258.40283
3018058,145.84767
3018059,75.02889
3018060,4466.749
3018061,9.004315
3018062,1.0559448
3018063,22.982443
3018064,16.985926
3018065,0.22249994
3018066,225.46156
3018067,0.0031170137
3018068,0.14688422
3018069,8.326257
3018070,72.429665
3018071,0.99004525
3018072,116.658646
3018073,293.415
3018074,1.2087997
3018075,4.4199967
3018076,157.16527
3018077,51.070614
3018078,718.0375
3018079,2.2004263
3018080,3.2386384
3018081,4.962355
3018082,0.030194001
3018083,4.4940557
3018084,1589.3915
3018085,0.032801617
3018086,433.76678
3018087,7.8211412
3018088,889.3425
3018089,579.86633
3018090,199.33258
3018091,119.595276
3018092,188.11478
3018093,2995.8523
3018094,23.236927
3018095,0.8066916
3018096,18.180334
3018097,20.780407
3018098,0.28584912
3018099,153.00568
3018100,8.616394
3018101,10.02684
3018102,8.443178
3018103,73.006874
3018104,5.9597635
3018105,175.40927
3018106,268.317
3018107,4.853567
3018108,4.9378242
3018109,164.62296
3018110,59.949333
3018111,1243.2072
3018112,0.6060001
3018113,7.922485
3018114,1.7862457
3018115,0.014949997
3018116,2.5184357
3018117,1191.0652
3018118,0.19298576
3018119,242.12053
3018120,5.557079
3018121,387.1609
3018122,393.35135
3018123,72.65826
3018124,60.380123
3018125,76.0628
3018126,1480.5387
3018127,13.096334
3018128,0.51341426
3018129,9.8050995
3018130,12.561725
3018131,0.11859779
3018132,99.88764
3018133,8.659478
3018134,11.995926
3018135,2.1138241
3018136,36.755222
3018137,4.0367684
3018138,97.98891
3018139,108.772865
3018140,3.2779932
3018141,3.9259171
3018142,109.63523
3018143,36.96564
3018144,1191.7396
3018145,0.26106828
3018146,8.763069
3018147,6.2093873
3018148,0.045535304
3018149,1.1975356
3018150,3100.802
3018151,0.0035425872
3018152,310.7427
3018153,5.7282763
3018154,1033.8217
3018155,372.9821
3018156,242.96796
3018157,147.00003
3018158,53.532284
3018159,3398.306
3018160,4.226177
3018161,1.1756396
3018162,15.768253
3018163,10.560231
3018164,0.13759908
3018165,146.84363
3018166,0.00018081814
3018167,1.0475738
3018168,3.323927
3018169,89.165474
3018170,1.2485815
3018171,149.72676
3018172,226.27957
3018173,0.70579493
3018174,2.8711429
3018175,177.99138
3018176,61.792088
3018177,521.2382
3018178,1.843675
3018179,0.74507815
3018180,18.910759
3018181,0.003763333
3018182,12.090147
3018183,8234.411
3018184,0.3372984
3018185,1413.6567
3018186,24.16875
3018187,2563.0752
3018188,2614.0083
3018189,601.0876
3018190,650.839
3018191,627.2249
3018192,9881.245
3018193,81.659096
3018194,4.190327
3018195,85.64841
3018196,64.665184
3018197,1.9345977
3018198,429.3103
3018199,21.408169
3018200,13.366874
3018201,19.045704
3018202,334.28943
3018203,12.228254
3018204,973.085
3018205,566.775
3018206,21.850561
3018207,28.313711
3018208,1292.786
3018209,469.7646
3018210,6787.789
3018211,17.59809
3018212,122.67046
3018213,15.984786
3018214,0.0
3018215,10.173961
3018216,7033.9595
3018217,0.3615635
3018218,1162.3606
3018219,24.774193
3018220,2537.1772
3018221,2191.011
3018222,651.897
3018223,412.85312
3018224,538.1383
3018225,9922.847
3018226,84.524895
3018227,1.106142
3018228,50.727016
3018229,54.61247
3018230,1.3396318
3018231,439.3926
3018232,17.281986
3018233,18.371752
3018234,4.9463024
3018235,212.86482
3018236,9.269458
3018237,1202.9454
3018238,650.22107
3018239,14.425819
3018240,20.329838
3018241,1327.217
3018242,328.76456
3018243,4395.499
3018244,15.699989
3018245,97.53607
3018246,15.324936
3018247,0.0
3018248,12.0081835
3018249,4846.5947
3018250,0.12594816
3018251,798.2737
3018252,15.288096
3018253,2315.2522
3018254,1484.6436
3018255,819.02045
3018256,177.09995
3018257,408.83636
3018258,8678.306
3018259,42.77689
3018260,1.4947832
3018261,29.151821
3018262,36.458466
3018263,1.3358042
3018264,456.57828
3018265,22.089764
3018266,10.970738
3018267,6.935248
3018268,122.71115
3018269,4.824282
3018270,1163.1726
3018271,756.5261
3018272,14.09353
3018273,16.924435
3018274,1028.8723
3018275,175.29884
3018276,2021.1875
3018277,12.626367
3018278,50.671837
3018279,16.137478
3018280,0.0
3018281,12.536793
3018282,6691.003
3018283,0.3760671
3018284,1127.0651
3018285,18.238762
3018286,2341.243
3018287,2054.1467
3018288,648.9775
3018289,356.62262
3018290,434.66904
3018291,9390.236
3018292,65.79827
3018293,1.8259872
3018294,43.203926
3018295,47.592953
3018296,1.8510457
3018297,449.62363
3018298,20.414608
3018299,16.682735
3018300,4.965612
3018301,170.3691
3018302,7.8495884
3018303,902.3906
3018304,719.8525
3018305,14.535248
3018306,19.380278
3018307,1187.622
3018308,287.7043
3018309,4065.876
3018310,12.084382
3018311,86.25795
3018312,13.942856
3018313,0.0
3018314,10.813443
3018315,3906.6052
3018316,0.037206884
3018317,717.92
3018318,15.405378
3018319,2165.3652
3018320,1249.644
3018321,660.90594
3018322,142.02931
3018323,322.26083
3018324,7755.893
3018325,44.078365
3018326,0.8984152
3018327,34.8612
3018328,26.205236
3018329,0.864001
3018330,416.5233
3018331,17.749481
3018332,6.47857
3018333,4.989911
3018334,106.01134
3018335,3.245033
3018336,985.27155
3018337,721.9231
3018338,10.322622
3018339,14.587119
3018340,911.49164
3018341,131.84752
3018342,1483.1985
3018343,16.442577
3018344,30.161648
3018345,10.655008
3018346,0.00026733615
3018347,8.046313
3018348,5729.4697
3018349,0.28980482
3018350,1066.5059
3018351,22.323677
3018352,1730.1526
3018353,1982.4901
3018354,377.29468
3018355,440.56802
3018356,444.50595
3018357,6816.388
3018358,65.860886
3018359,1.7422335
3018360,42.627968
3018361,27.860891
3018362,1.0262148
3018363,307.35687
3018364,11.49699
3018365,17.302807
3018366,9.15925
3018367,225.68701
3018368,9.050265
3018369,748.70026
3018370,408.76547
3018371,11.051527
3018372,21.710684
3018373,925.0827
3018374,302.47418
3018375,5118.2046
3018376,8.839733
3018377,87.42368
3018378,5.5386977
3018379,0.13700506
3018380,5.1871834
3018381,1563.7886
3018382,0.14546889
3018383,385.99414
3018384,16.681759
3018385,985.0968
3018386,533.69806
3018387,247.53616
3018388,111.279625
3018389,165.52077
3018390,3144.1394
3018391,20.076912
3018392,1.0275815
3018393,19.221668
3018394,23.78458
3018395,0.581157
3018396,152.93742
3018397,9.504109
3018398,2.962788
3018399,17.906494
3018400,65.58878
3018401,4.1637073
3018402,281.47018
3018403,271.0705
3018404,2.0229466
3018405,5.1098967
3018406,255.41713
3018407,88.58335
3018408,1049.6344
3018409,0.5224541
3018410,13.257287
3018411,11.69649
3018412,0.0017335974
3018413,7.8465524
3018414,3345.5427
3018415,0.18139641
3018416,585.5943
3018417,23.728186
3018418,1611.3225
3018419,1042.5199
3018420,463.4552
3018421,114.05874
3018422,275.40817
3018423,6072.4336
3018424,47.22766
3018425,1.5362355
3018426,52.51643
3018427,48.3499
3018428,0.6361721
3018429,288.97086
3018430,14.178565
3018431,5.3945284
3018432,5.945858
3018433,114.73928
3018434,4.9648056
3018435,600.6435
3018436,498.63348
3018437,6.026405
3018438,15.142306
3018439,450.19473
3018440,120.35784
3018441,1541.9211
3018442,10.946121
3018443,23.44009
3018444,6.9532886
3018445,0.0
3018446,4.9162893
3018447,4217.5513
3018448,0.16175745
3018449,872.8523
3018450,10.344129
3018451,1460.4526
3018452,1508.7551
3018453,258.09726
3018454,334.58832
3018455,337.25214
3018456,4960.1284
3018457,32.23926
3018458,1.4369094
3018459,22.376883
3018460,21.466158
3018461,1.1213955
3018462,216.15585
3018463,2.7563167
3018464,17.91156
3018465,6.4494677
3018466,162.80841
3018467,6.2464685
3018468,635.3494
3018469,290.33646
3018470,11.854217
3018471,7.658411
3018472,877.73456
3018473,167.91733
3018474,3609.0022
3018475,6.5424848
3018476,65.177246
3018477,0.9123052
3018478,0.003457386
3018479,0.5971097
3018480,327.85214
3018481,0.0
3018482,57.79542
3018483,0.79365444
3018484,123.14301
3018485,85.021866
3018486,26.505154
3018487,14.848605
3018488,24.203304
3018489,445.3075
3018490,3.5190384
3018491,0.24437685
3018492,4.1119375
3018493,3.8380637
3018494,0.07359443
3018495,26.982641
3018496,0.76310503
3018497,4.698131
3018498,0.5927845
3018499,14.60213
3018500,0.74605334
3018501,35.947693
3018502,27.15314
3018503,1.033918
3018504,2.0041611
3018505,35.533035
3018506,9.690227
3018507,348.82465
3018508,1.411511
3018509,0.7139982
3018510,5.0422335
3018511,0.014639804
3018512,3.6250598
3018513,1331.6497
3018514,0.04869267
3018515,334.71088
3018516,5.590694
3018517,680.59985
3018518,365.1619
3018519,156.67467
3018520,69.21369
3018521,122.12302
3018522,2040.7865
3018523,11.047806
3018524,0.97930133
3018525,14.998963
3018526,14.60908
3018527,0.097150974
3018528,123.86689
3018529,2.8151245
3018530,3.7871857
3018531,5.142765
3018532,74.40802
3018533,2.2270997
3018534,179.13725
3018535,188.19653
3018536,2.249186
3018537,3.7189634
3018538,147.87082
3018539,53.74436
3018540,1185.2036
3018541,0.8358176
3018542,4.157667
3018543,5.7969513
3018544,0.1854749
3018545,0.6088028
3018546,1344.3232
3018547,0.00037352182
3018548,221.47386
3018549,3.132074
3018550,1057.9928
3018551,190.84125
3018552,189.27301
3018553,73.461205
3018554,35.885925
3018555,2686.03
3018556,8.044762
3018557,0.7102643
3018558,16.142527
3018559,9.384789
3018560,0.17832397
3018561,143.1496
3018562,0.0
3018563,0.0017055906
3018564,4.286768
3018565,23.435617
3018566,0.47508717
3018567,52.493797
3018568,184.5388
3018569,0.106113106
3018570,2.1225502
3018571,54.517265
3018572,62.943752
3018573,378.76358
3018574,0.6448365
3018575,1.7025872
3018576,5.430155
3018577,0.0077207563
3018578,5.8303
3018579,3135.1147
3018580,0.049601164
3018581,556.3866
3018582,10.110294
3018583,1244.0425
3018584,991.0568
3018585,347.34406
3018586,204.6192
3018587,231.66235
3018588,4715.148
3018589,34.958836
3018590,0.94240475
3018591,18.772331
3018592,31.16541
3018593,0.40250042
3018594,216.9452
3018595,20.678041
3018596,7.9996495
3018597,7.927199
3018598,94.225105
3018599,3.9192886
3018600,497.2679
3018601,327.7467
3018602,6.345769
3018603,8.332483
3018604,651.3196
3018605,140.56805
3018606,1846.4033
3018607,0.28220406
3018608,43.60269
3018609,4.3479934
3018610,0.030484498
3018611,3.7021074
3018612,3444.0662
3018613,0.13934626
3018614,656.6934
3018615,12.031548
3018616,1060.1671
3018617,1268.1893
3018618,170.57217
3018619,286.9872
3018620,266.4143
3018621,3783.855
3018622,40.153557
3018623,2.1145616
3018624,15.539637
3018625,14.707247
3018626,0.77932554
3018627,161.5075
3018628,7.752723
3018629,19.732008
3018630,8.815623
3018631,162.71098
3018632,7.043585
3018633,522.3415
3018634,218.82442
3018635,4.1165032
3018636,7.3624997
3018637,633.516
3018638,183.07391
3018639,3555.3
3018640,0.33812612
3018641,57.903484
3018642,5.33821
3018643,0.08757479
3018644,7.415506
3018645,3914.313
3018646,0.19893415
3018647,768.6692
3018648,15.942551
3018649,1266.4237
3018650,1452.4999
3018651,281.90924
3018652,328.1059
3018653,244.26683
3018654,4789.186
3018655,41.236156
3018656,2.4391003
3018657,31.97807
3018658,27.510723
3018659,1.1963851
3018660,249.7769
3018661,26.553452
3018662,17.584562
3018663,22.011011
3018664,149.42735
3018665,8.776095
3018666,516.8144
3018667,334.19516
3018668,10.900632
3018669,12.093739
3018670,626.9004
3018671,210.37296
3018672,3293.3103
3018673,0.45881087
3018674,55.652634
3018675,14.071133
3018676,0.21302569
3018677,5.6075006
3018678,2868.977
3018679,0.0
3018680,564.0797
3018681,10.246363
3018682,1744.4263
3018683,777.3485
3018684,596.5172
3018685,197.65952
3018686,131.00107
3018687,6259.917
3018688,11.354087
3018689,1.867478
3018690,35.649853
3018691,21.042088
3018692,0.39113423
3018693,310.6111
3018694,10.196409
3018695,4.5018606
3018696,8.871679
3018697,52.51929
3018698,1.7563603
3018699,378.94528
3018700,450.60547
3018701,3.611799
3018702,7.3324466
3018703,492.44647
3018704,90.84551
3018705,1036.1476
3018706,6.018714
3018707,16.590061
3018708,3.364264
3018709,0.0
3018710,2.4530406
3018711,1644.2733
3018712,0.13158175
3018713,343.13507
3018714,10.961076
3018715,643.4179
3018716,643.391
3018717,124.04209
3018718,140.1604
3018719,131.64894
3018720,2261.3696
3018721,21.846262
3018722,1.6014373
3018723,16.073656
3018724,13.819079
3018725,0.3540365
3018726,108.46021
3018727,10.0233
3018728,9.291452
3018729,6.4884224
3018730,102.03096
3018731,3.4364057
3018732,315.42163
3018733,132.22487
3018734,3.741854
3018735,5.681879
3018736,293.89496
3018737,82.49619
3018738,1555.8783
3018739,0.18761194
3018740,26.016584
3018741,3.1349003
3018742,0.2899532
3018743,1.366236
3018744,928.0935
3018745,0.0
3018746,113.5657
3018747,2.8251908
3018748,779.6904
3018749,263.73495
3018750,253.85176
3018751,50.542522
3018752,45.62444
3018753,2476.4636
3018754,3.6898868
3018755,0.6931267
3018756,7.984589
3018757,5.774509
3018758,0.18100838
3018759,128.41705
3018760,3.5321848
3018761,0.017939003
3018762,3.1293318
3018763,12.392693
3018764,0.26936716
3018765,184.52379
3018766,180.53233
3018767,0.35041472
3018768,2.480785
3018769,180.84465
3018770,21.439016
3018771,159.99397
3018772,0.5320386
3018773,2.7809827
3018774,6.7976365
3018775,0.20093599
3018776,4.861636
3018777,3749.034
3018778,0.0
3018779,609.7582
3018780,10.902259
3018781,1961.3441
3018782,537.48773
3018783,440.99963
3018784,166.80534
3018785,107.38854
3018786,6679.2007
3018787,18.03304
3018788,0.7156126
3018789,25.314827
3018790,15.005246
3018791,0.4060546
3018792,353.85956
3018793,8.486459
3018794,1.6405628
3018795,10.946501
3018796,45.517914
3018797,1.5842518
3018798,620.7077
3018799,396.86658
3018800,1.0702102
3018801,8.316505
3018802,521.6222
3018803,57.042362
3018804,844.4089
3018805,4.187721
3018806,8.3995285
3018807,4.819677
3018808,0.11816793
3018809,0.9519119
3018810,1342.6616
3018811,0.0024237111
3018812,182.56984
3018813,6.5592937
3018814,776.0231
3018815,350.90854
3018816,201.06128
3018817,78.324646
3018818,50.056973
3018819,2527.7146
3018820,6.351055
3018821,0.98667926
3018822,11.169759
3018823,8.974498
3018824,0.2316925
3018825,120.68657
3018826,1.3912987
3018827,0.0104730325
3018828,6.3252454
3018829,39.052708
3018830,0.79506797
3018831,146.4204
3018832,158.42493
3018833,0.5516105
3018834,3.1544569
3018835,187.48077
3018836,34.421585
3018837,217.73169
3018838,0.55585814
3018839,2.6714385
3018840,5.670238
3018841,0.0033999197
3018842,1.2895497
3018843,1332.446
3018844,0.0
3018845,161.73877
3018846,4.424528
3018847,789.58057
3018848,281.88373
3018849,162.24547
3018850,54.651836
3018851,35.19882
3018852,2772.5417
3018853,7.400079
3018854,0.5324219
3018855,11.468499
3018856,8.741875
3018857,0.15036692
3018858,115.3003
3018859,2.962984
3018860,0.0136839785
3018861,2.857782
3018862,33.00055
3018863,0.49069
3018864,153.66943
3018865,183.65529
3018866,0.25843018
3018867,2.5366223
3018868,122.72601
3018869,28.363659
3018870,126.590996
3018871,0.41451344
3018872,1.871851
3018873,3.7028277
3018874,0.006305828
3018875,1.1426222
3018876,1000.9551
3018877,0.0
3018878,189.35426
3018879,5.00074
3018880,1094.2731
3018881,369.45264
3018882,227.85803
3018883,37.84554
3018884,63.715786
3018885,2664.0464
3018886,5.97361
3018887,0.34520438
3018888,13.071163
3018889,13.260163
3018890,0.19610588
3018891,165.64925
3018892,1.0511626
3018893,2.3052562e-06
3018894,4.5640645
3018895,25.393873
3018896,0.85461366
3018897,292.40765
3018898,278.12576
3018899,0.47180057
3018900,3.1860812
3018901,97.34523
3018902,62.518322
3018903,244.64856
3018904,0.35629776
3018905,3.9275718
3018906,2.7045627
3018907,1.0154122
3018908,1.8926351
3018909,1281.9266
3018910,0.0
3018911,152.32607
3018912,3.243776
3018913,879.22174
3018914,316.6254
3018915,277.7592
3018916,81.855034
3018917,67.767784
3018918,2751.687
3018919,9.602953
3018920,0.9330449
3018921,32.10431
3018922,11.236739
3018923,0.11359617
3018924,158.07779
3018925,6.0742965
3018926,0.008412402
3018927,4.8757696
3018928,24.539045
3018929,0.7981678
3018930,126.86019
3018931,183.92905
3018932,0.43119738
3018933,2.8550308
3018934,131.2071
3018935,31.565054
3018936,417.09644
3018937,0.42858487
3018938,5.1275277
3018939,5.7578163
3018940,0.101817586
3018941,0.85872096
3018942,1133.7661
3018943,0.0036165528
3018944,202.72476
3018945,3.9278307
3018946,1008.2748
3018947,255.66829
3018948,216.93523
3018949,184.48383
3018950,43.252728
3018951,2569.0745
3018952,5.733718
3018953,0.590257
3018954,13.563059
3018955,8.344955
3018956,0.12774071
3018957,143.64285
3018958,0.0
3018959,0.017537724
3018960,3.7803535
3018961,35.99097
3018962,0.6155349
3018963,75.63781
3018964,197.67361
3018965,0.28023458
3018966,2.1121333
3018967,95.232864
3018968,42.032986
3018969,400.15372
3018970,1.4553342
3018971,2.5976954
3018972,6.3300185
3018973,0.16497394
3018974,1.8781712
3018975,2501.9563
3018976,0.0
3018977,256.2375
3018978,4.9920044
3018979,1081.859
3018980,573.9529
3018981,437.58694
3018982,189.68475
3018983,100.6214
3018984,3916.5273
3018985,8.278943
3018986,0.73503035
3018987,18.30491
3018988,16.925392
3018989,0.18512799
3018990,204.24434
3018991,2.0839155
3018992,0.1374478
3018993,5.527467
3018994,39.84878
3018995,1.3294336
3018996,256.1707
3018997,234.2086
3018998,1.0734627
3018999,5.5310187
3019000,309.87585
3019001,67.10316
3019002,804.1871
3019003,0.5315236
3019004,11.231241
3019005,3.788555
3019006,0.10712882
3019007,2.0331964
3019008,1708.1323
3019009,0.0011567567
3019010,654.816
3019011,4.6817136
3019012,604.5719
3019013,489.42712
3019014,209.1879
3019015,164.38042
3019016,57.971886
3019017,2487.876
3019018,17.025719
3019019,0.9793825
3019020,15.546031
3019021,9.035878
3019022,0.1654626
3019023,116.851494
3019024,6.7403684
3019025,1.473368
3019026,4.192546
3019027,57.440277
3019028,1.2396468
3019029,98.28131
3019030,151.97302
3019031,1.980195
3019032,4.644479
3019033,200.83388
3019034,50.90294
3019035,938.9892
3019036,1.8877699
3019037,8.926306
3019038,6.7870903
3019039,0.12436718
3019040,1.6439306
3019041,2041.9403
3019042,0.0
3019043,180.34253
3019044,5.6908336
3019045,945.6641
3019046,305.30124
3019047,284.1017
3019048,67.431725
3019049,64.15224
3019050,3087.928
3019051,10.043129
3019052,1.2938005
3019053,15.255908
3019054,9.183546
3019055,0.1728247
3019056,134.97952
3019057,5.6674194
3019058,0.019016627
3019059,4.582128
3019060,33.97127
3019061,1.0873543
3019062,142.69513
3019063,192.13
3019064,0.609438
3019065,3.186148
3019066,127.67004
3019067,33.92455
3019068,284.1167
3019069,0.52411103
3019070,4.2230716
3019071,5.5403214
3019072,0.053184688
3019073,4.747384
3019074,2552.6558
3019075,0.1486739
3019076,565.4531
3019077,8.504432
3019078,972.7884
3019079,883.9482
3019080,249.09052
3019081,187.77664
3019082,166.80237
3019083,3981.8926
3019084,31.963423
3019085,1.2008411
3019086,18.921606
3019087,15.339914
3019088,0.4988579
3019089,190.57922
3019090,18.93188
3019091,8.256059
3019092,8.708496
3019093,88.12927
3019094,4.1009793
3019095,507.08777
3019096,270.12497
3019097,5.823881
3019098,6.145947
3019099,504.2539
3019100,127.13533
3019101,1772.3326
3019102,0.48535168
3019103,32.670517
3019104,4.8225365
3019105,0.33242247
3019106,3.0443342
3019107,1752.5221
3019108,0.003600888
3019109,275.3022
3019110,4.2922544
3019111,754.0973
3019112,440.0191
3019113,349.22318
3019114,71.85553
3019115,64.72006
3019116,3056.4463
3019117,7.605986
3019118,0.45557603
3019119,16.185759
3019120,9.126938
3019121,0.10779816
3019122,174.07797
3019123,4.5521784
3019124,3.2577224
3019125,2.017493
3019126,25.07005
3019127,0.6737884
3019128,171.28204
3019129,226.76491
3019130,1.5828063
3019131,2.9421167
3019132,217.675
3019133,47.44188
3019134,535.9247
3019135,3.1374028
3019136,7.404625
3019137,5.0145273
3019138,0.31232953
3019139,2.3356917
3019140,1250.4364
3019141,0.0017166082
3019142,234.03488
3019143,3.614687
3019144,615.75616
3019145,267.08636
3019146,155.22086
3019147,104.61286
3019148,46.572083
3019149,2002.4232
3019150,6.5957932
3019151,0.45800233
3019152,16.890333
3019153,14.343622
3019154,0.15338391
3019155,155.18425
3019156,2.5765748
3019157,1.1763443
3019158,4.4494233
3019159,32.434433
3019160,1.0238497
3019161,53.791126
3019162,156.72563
3019163,0.9165568
3019164,3.8394241
3019165,83.38032
3019166,49.51167
3019167,611.41125
3019168,2.1868038
3019169,2.7829912
3019170,2.3313084
3019171,0.124790505
3019172,0.6615584
3019173,539.8958
3019174,3.1881966e-05
3019175,57.48938
3019176,3.8425727
3019177,262.8201
3019178,129.15733
3019179,69.16966
3019180,22.343472
3019181,31.9234
3019182,991.64966
3019183,2.4879985
3019184,0.43760887
3019185,17.015923
3019186,8.072223
3019187,0.14656499
3019188,66.89902
3019189,0.224526
3019190,0.008284357
3019191,3.0525696
3019192,13.8532
3019193,1.2127249
3019194,45.20781
3019195,68.06729
3019196,0.41460985
3019197,2.397808
3019198,52.711357
3019199,19.3408
3019200,168.47855
3019201,0.23379995
3019202,0.9126639
3019203,2.2958233
3019204,0.0
3019205,1.575806
3019206,1213.7902
3019207,0.056744415
3019208,274.30685
3019209,9.330867
3019210,572.3917
3019211,479.0807
3019212,133.15004
3019213,54.801533
3019214,103.7454
3019215,1997.1232
3019216,24.553518
3019217,0.13970411
3019218,7.2053995
3019219,9.553342
3019220,0.20961602
3019221,92.93613
3019222,7.3022466
3019223,0.9553851
3019224,4.430616
3019225,54.72174
3019226,2.313049
3019227,626.28345
3019228,141.82579
3019229,1.8809664
3019230,2.6852572
3019231,307.74368
3019232,49.938988
3019233,850.84766
3019234,0.19167298
3019235,15.403534
3019236,3.2485008
3019237,0.046201404
3019238,5.058508
3019239,2892.8975
3019240,0.1426807
3019241,702.1868
3019242,11.519015
3019243,1102.4995
3019244,1103.6804
3019245,252.84796
3019246,201.45442
3019247,213.57603
3019248,3792.2368
3019249,27.167934
3019250,1.1785368
3019251,16.345366
3019252,30.522663
3019253,0.36666462
3019254,183.70802
3019255,9.067273
3019256,13.950555
3019257,9.056914
3019258,100.64145
3019259,6.9778204
3019260,384.1076
3019261,264.65048
3019262,9.542609
3019263,7.756742
3019264,500.04507
3019265,128.02399
3019266,2433.7312
3019267,0.59222597
3019268,34.854584
3019269,2.109141
3019270,0.020645881
3019271,2.3696253
3019272,1761.4447
3019273,0.07768751
3019274,285.89694
3019275,4.7532544
3019276,455.2981
3019277,473.04703
3019278,124.13242
3019279,104.6203
3019280,174.3563
3019281,1676.7422
3019282,11.53659
3019283,0.88366246
3019284,20.079945
3019285,11.937132
3019286,0.14247322
3019287,69.972015
3019288,0.0
3019289,10.367512
3019290,7.627993
3019291,175.28603
3019292,3.5092475
3019293,197.44615
3019294,105.654
3019295,2.2022223
3019296,3.4208896
3019297,158.03708
3019298,50.255444
3019299,923.3278
3019300,0.3629155
3019301,5.3284144
3019302,3.5468588
3019303,0.06338953
3019304,0.9397389
3019305,815.79456
3019306,0.00993096
3019307,223.0545
3019308,4.7354984
3019309,432.23593
3019310,242.50584
3019311,89.599014
3019312,40.473087
3019313,79.85301
3019314,1610.3646
3019315,4.2786713
3019316,0.8021082
3019317,8.253004
3019318,5.708813
3019319,0.2176447
3019320,60.106808
3019321,1.216997
3019322,1.6858168
3019323,3.4542952
3019324,33.070053
3019325,0.24392687
3019326,279.05438
3019327,158.89597
3019328,0.94325966
3019329,1.2540818
3019330,162.24387
3019331,17.6497
3019332,358.72324
3019333,0.59613264
3019334,3.385277
3019335,5.009118
3019336,0.05593958
3019337,3.6482987
3019338,2507.581
3019339,0.062241133
3019340,614.2594
3019341,10.645353
3019342,804.30945
3019343,824.6246
3019344,254.36845
3019345,212.17743
3019346,166.52333
3019347,3261.238
3019348,21.754866
3019349,1.8029338
3019350,12.844628
3019351,15.305913
3019352,0.3319886
3019353,144.57349
3019354,4.8241954
3019355,13.943125
3019356,5.8000135
3019357,160.92896
3019358,2.393399
3019359,273.16037
3019360,208.8611
3019361,5.585106
3019362,5.929391
3019363,390.4669
3019364,90.71656
3019365,1759.7548
3019366,0.6559543
3019367,23.983025
3019368,7.2360363
3019369,0.028037453
3019370,1.991947
3019371,2362.585
3019372,0.004006803
3019373,574.37134
3019374,8.041693
3019375,1045.4764
3019376,670.8547
3019377,348.01727
3019378,244.6355
3019379,98.53264
3019380,3789.2234
3019381,7.262799
3019382,1.2848449
3019383,23.911411
3019384,11.684163
3019385,0.5398914
3019386,181.89868
3019387,0.0016735177
3019388,1.8921642
3019389,7.5030975
3019390,117.051155
3019391,0.7044653
3019392,201.66061
3019393,307.60034
3019394,2.7370288
3019395,3.3718498
3019396,236.01498
3019397,65.942696
3019398,1018.19763
3019399,3.8681045
3019400,6.3595185
3019401,3.5172758
3019402,0.2447074
3019403,1.6865416
3019404,1397.4681
3019405,0.0
3019406,328.87146
3019407,5.3158007
3019408,532.42554
3019409,379.94983
3019410,156.36848
3019411,107.39472
3019412,55.244537
3019413,1962.1653
3019414,5.8304315
3019415,0.6051796
3019416,13.609273
3019417,10.061966
3019418,0.1563078
3019419,125.26105
3019420,0.0
3019421,1.1089343
3019422,2.6845906
3019423,67.05675
3019424,0.7326642
3019425,71.40893
3019426,152.87183
3019427,2.298204
3019428,2.8231397
3019429,112.78012
3019430,38.409832
3019431,633.4019
3019432,2.2183301
3019433,3.8517888
3019434,9.484623
3019435,0.43496427
3019436,9.832745
3019437,7002.3623
3019438,0.34280202
3019439,1175.2255
3019440,30.92204
3019441,2083.045
3019442,2105.0144
3019443,397.52835
3019444,524.36536
3019445,461.98065
3019446,7846.7617
3019447,77.590805
3019448,3.0434086
3019449,46.73416
3019450,37.41306
3019451,1.9502709
3019452,347.68546
3019453,33.17118
3019454,25.225119
3019455,26.72755
3019456,223.63782
3019457,13.07483
3019458,819.1197
3019459,513.4606
3019460,12.529586
3019461,18.894196
3019462,1180.4102
3019463,369.1761
3019464,5493.53
3019465,0.80739397
3019466,106.220245
3019467,3.1711202
3019468,0.06946912
3019469,0.6355168
3019470,970.5781
3019471,0.0012307465
3019472,155.13403
3019473,2.6071498
3019474,487.78586
3019475,231.73691
3019476,107.04785
3019477,124.643585
3019478,61.03609
3019479,1580.9532
3019480,3.430123
3019481,0.91500723
3019482,9.897817
3019483,4.9875317
3019484,0.29754865
3019485,81.14923
3019486,0.42134607
3019487,0.00050188974
3019488,4.043143
3019489,54.0199
3019490,0.37405843
3019491,57.974937
3019492,105.31468
3019493,0.90990883
3019494,2.5843005
3019495,101.34911
3019496,23.14456
3019497,332.3
3019498,0.8664378
3019499,3.406079
3019500,7.781269
3019501,0.57536304
3019502,2.6471128
3019503,1890.93
3019504,0.0
3019505,473.84506
3019506,5.6644473
3019507,1274.2112
3019508,615.4312
3019509,253.69835
3019510,248.50761
3019511,111.92575
3019512,4000.881
3019513,9.484785
3019514,0.72867745
3019515,15.11815
3019516,13.478002
3019517,0.38638481
3019518,199.24847
3019519,1.5624444
3019520,1.1739159
3019521,12.535618
3019522,30.459513
3019523,0.6859348
3019524,312.36926
3019525,299.85153
3019526,1.5852311
3019527,5.0428033
3019528,143.13661
3019529,74.44903
3019530,860.0312
3019531,2.7689393
3019532,5.10644
3019533,1.8249966
3019534,0.045292526
3019535,0.24158838
3019536,629.5559
3019537,0.0
3019538,100.29663
3019539,2.3999703
3019540,452.2795
3019541,149.61911
3019542,98.77131
3019543,142.44449
3019544,30.108912
3019545,1476.8232
3019546,1.7201825
3019547,0.48335826
3019548,7.681768
3019549,2.5426586
3019550,0.16014001
3019551,64.8834
3019552,0.0
3019553,0.006465104
3019554,2.202732
3019555,71.66596
3019556,0.10750726
3019557,58.751656
3019558,98.4156
3019559,0.13220654
3019560,0.86833316
3019561,63.68592
3019562,11.230908
3019563,125.80781
3019564,0.88204145
3019565,1.2167441
3019566,7.9309916
3019567,0.16041997
3019568,1.1160644
3019569,1421.0475
3019570,9.108695e-06
3019571,279.24304
3019572,5.4111123
3019573,1076.7125
3019574,403.38678
3019575,201.90874
3019576,176.00624
3019577,79.34306
3019578,3113.8188
3019579,2.9729967
3019580,0.6959527
3019581,31.959152
3019582,12.436166
3019583,0.18041681
3019584,156.11136
3019585,0.00012847874
3019586,0.03247262
3019587,12.834882
3019588,65.2769
3019589,0.9692925
3019590,255.96872
3019591,241.60388
3019592,0.71962506
3019593,3.295331
3019594,219.47354
3019595,37.458
3019596,854.5341
3019597,1.1639788
3019598,1.5650021
3019599,3.4039226
3019600,0.19712223
3019601,2.8332336
3019602,2328.629
3019603,3.491994e-06
3019604,684.37256
3019605,7.4632125
3019606,920.0503
3019607,597.2747
3019608,252.78865
3019609,119.774345
3019610,132.88902
3019611,3845.2175
3019612,5.4764786
3019613,1.8538576
3019614,26.411253
3019615,24.047691
3019616,0.67704487
3019617,161.82805
3019618,3.7278235
3019619,2.1047084
3019620,9.820184
3019621,52.22297
3019622,1.1411307
3019623,184.01167
3019624,319.4244
3019625,1.6920466
3019626,4.0310597
3019627,142.1882
3019628,34.518932
3019629,501.03806
3019630,5.046726
3019631,3.0983818
3019632,4.4313326
3019633,0.056480173
3019634,0.27327332
3019635,1158.0063
3019636,0.0
3019637,93.0195
3019638,1.6614068
3019639,480.9919
3019640,164.60043
3019641,83.37887
3019642,177.51129
3019643,54.538868
3019644,1772.3403
3019645,2.936972
3019646,0.60174286
3019647,7.620532
3019648,6.26877
3019649,0.20223859
3019650,69.70625
3019651,0.0017420761
3019652,0.05853757
3019653,1.4678624
3019654,44.532906
3019655,0.296778
3019656,165.89659
3019657,87.86073
3019658,0.28791687
3019659,0.7558499
3019660,58.6356
3019661,17.578619
3019662,233.37607
3019663,0.80612797
3019664,0.49535435
3019665,3.9357934
3019666,0.041480184
3019667,1.4376377
3019668,2102.6116
3019669,0.0029817559
3019670,489.69778
3019671,5.137698
3019672,875.52246
3019673,530.6532
3019674,211.7019
3019675,117.85773
3019676,105.47759
3019677,3434.5168
3019678,6.215338
3019679,0.52315915
3019680,21.762566
3019681,11.620319
3019682,0.20200521
3019683,151.6923
3019684,0.057101738
3019685,8.478807
3019686,3.1269238
3019687,126.906334
3019688,0.6219132
3019689,204.18289
3019690,238.31267
3019691,1.1803038
3019692,3.3078947
3019693,122.28044
3019694,52.996124
3019695,937.5348
3019696,5.094469
3019697,0.9992948
3019698,4.027058
3019699,0.023688702
3019700,4.360875
3019701,2176.3088
3019702,0.16300786
3019703,558.05444
3019704,8.192223
3019705,1051.871
3019706,913.0317
3019707,148.58772
3019708,154.40489
3019709,196.35823
3019710,3681.48
3019711,46.518238
3019712,1.9209012
3019713,22.538881
3019714,16.074497
3019715,0.33392757
3019716,168.34126
3019717,17.371233
3019718,13.103203
3019719,5.806562
3019720,109.34466
3019721,5.0580273
3019722,249.75372
3019723,257.3541
3019724,6.8287215
3019725,6.7665715
3019726,254.67035
3019727,131.09383
3019728,1957.1228
3019729,0.31499556
3019730,20.028175
3019731,6.6466837
3019732,0.0130172735
3019733,5.2360806
3019734,1902.2197
3019735,0.10474655
3019736,541.506
3019737,9.977526
3019738,1077.5895
3019739,841.4863
3019740,169.61961
3019741,119.557526
3019742,213.35121
3019743,3812.0005
3019744,26.849478
3019745,1.7415353
3019746,24.547787
3019747,18.75361
3019748,0.14799777
3019749,218.60367
3019750,18.708628
3019751,8.922598
3019752,13.160251
3019753,79.12879
3019754,5.3503027
3019755,185.4771
3019756,365.10233
3019757,4.127839
3019758,6.3121285
3019759,163.01135
3019760,120.598976
3019761,1533.4425
3019762,0.33719844
3019763,19.631548
3019764,8.868213
3019765,0.27998722
3019766,3.9123838
3019767,2378.607
3019768,0.0
3019769,716.8313
3019770,7.2164965
3019771,1306.6827
3019772,538.3502
3019773,190.35983
3019774,409.0252
3019775,94.17428
3019776,4316.115
3019777,28.988201
3019778,1.824689
3019779,24.211487
3019780,14.531148
3019781,0.42670116
3019782,217.28465
3019783,4.974657
3019784,8.144809
3019785,6.8303127
3019786,65.33338
3019787,2.0396035
3019788,250.79297
3019789,312.5716
3019790,2.8662486
3019791,5.81166
3019792,214.31868
3019793,77.64529
3019794,1139.1156
3019795,1.9981465
3019796,10.956545
3019797,4.028567
3019798,0.015615483
3019799,4.1668534
3019800,2264.8374
3019801,0.16335282
3019802,413.04022
3019803,6.890389
3019804,886.918
3019805,814.8074
3019806,218.39345
3019807,172.4456
3019808,154.38834
3019809,3394.0796
3019810,20.147532
3019811,1.1450881
3019812,14.930597
3019813,9.593857
3019814,0.40730053
3019815,165.00107
3019816,16.376007
3019817,9.605171
3019818,4.040519
3019819,84.32655
3019820,3.7396142
3019821,368.93933
3019822,231.39551
3019823,4.5254574
3019824,5.8065767
3019825,463.99713
3019826,100.095375
3019827,1683.8207
3019828,0.22185263
3019829,32.91084
3019830,3.99482
3019831,0.31074324
3019832,1.2133309
3019833,2420.558
3019834,0.0041875765
3019835,373.977
3019836,5.9541345
3019837,1423.1826
3019838,490.7379
3019839,258.32156
3019840,145.88997
3019841,74.68058
3019842,4467.527
3019843,9.003951
3019844,1.0452006
3019845,22.831083
3019846,16.963472
3019847,0.22817485
3019848,227.06621
3019849,0.0
3019850,0.15189607
3019851,8.356226
3019852,71.55237
3019853,0.9827029
3019854,116.75321
3019855,292.95874
3019856,1.2074414
3019857,4.41933
3019858,156.80139
3019859,50.93605
3019860,719.6584
3019861,2.1410694
3019862,3.2439225
3019863,4.9382772
3019864,0.030465867
3019865,4.5040855
3019866,1585.8019
3019867,0.032098874
3019868,431.51718
3019869,7.7962313
3019870,888.33044
3019871,578.1541
3019872,198.9811
3019873,119.63176
3019874,186.07802
3019875,2990.7231
3019876,23.24576
3019877,0.79782945
3019878,18.263727
3019879,20.681475
3019880,0.2848766
3019881,153.00385
3019882,8.621078
3019883,9.922784
3019884,8.381205
3019885,72.46528
3019886,5.9589314
3019887,175.0311
3019888,269.31857
3019889,4.8694315
3019890,4.9187803
3019891,164.08904
3019892,60.001637
3019893,1241.49
3019894,0.5951622
3019895,7.920386
3019896,1.7939721
3019897,0.015459902
3019898,2.5323207
3019899,1184.5028
3019900,0.19199777
3019901,243.0082
3019902,5.5491476
3019903,386.5921
3019904,396.17642
3019905,73.00578
3019906,60.597595
3019907,76.6931
3019908,1480.7076
3019909,13.123452
3019910,0.5145989
3019911,9.822973
3019912,12.616951
3019913,0.11947569
3019914,100.000404
3019915,8.695014
3019916,11.834746
3019917,2.088742
3019918,36.68482
3019919,4.029885
3019920,98.360634
3019921,108.63283
3019922,3.2793703
3019923,3.926407
3019924,109.53046
3019925,37.125282
3019926,1199.1774
3019927,0.25953946
3019928,8.765897
3019929,6.1774683
3019930,0.048108708
3019931,1.1876289
3019932,3104.0984
3019933,8.4110536e-05
3019934,312.09387
3019935,5.7290745
3019936,1034.6317
3019937,372.7654
3019938,242.25536
3019939,146.7452
3019940,52.89913
3019941,3398.0542
3019942,4.2403483
3019943,1.1812965
3019944,15.791242
3019945,10.583365
3019946,0.13385773
3019947,147.35735
3019948,0.0
3019949,1.0339923
3019950,3.300761
3019951,89.08717
3019952,1.2532051
3019953,149.8746
3019954,225.89436
3019955,0.7042007
3019956,2.8853788
3019957,175.08185
3019958,62.041134
3019959,523.2808
3019960,1.8565171
3019961,0.74925715
3019962,18.866144
3019963,0.0016024075
3019964,12.086485
3019965,8224.164
3019966,0.33818677
3019967,1409.7007
3019968,24.52998
3019969,2565.861
3019970,2610.5505
3019971,599.4805
3019972,648.4019
3019973,624.5571
3019974,9875.351
3019975,81.223335
3019976,4.161481
3019977,85.48005
3019978,64.83391
3019979,1.9249187
3019980,430.08057
3019981,21.341448
3019982,13.204468
3019983,19.1031
3019984,334.38162
3019985,12.269263
3019986,973.7234
3019987,566.3745
3019988,21.783503
3019989,28.403173
3019990,1287.6765
3019991,469.6264
3019992,6778.1665
3019993,18.160955
3019994,122.6413
3019995,15.886662
3019996,0.0
3019997,10.182973
3019998,7024.222
3019999,0.3672166
3020000,1161.9983
3020001,24.922089
3020002,2529.6646
3020003,2188.9084
3020004,651.85046
3020005,412.3902
3020006,537.39984
3020007,9876.743
3020008,84.267296
3020009,1.0924704
3020010,50.777626
3020011,55.492332
3020012,1.3463504
3020013,438.74286
3020014,17.322504
3020015,18.38507
3020016,4.9517436
3020017,212.81569
3020018,9.359618
3020019,1199.5565
3020020,649.8355
3020021,14.530211
3020022,20.313969
3020023,1325.5217
3020024,328.58914
3020025,4411.981
3020026,16.11287
3020027,97.23729
3020028,15.324627
3020029,0.0
3020030,12.035643
3020031,4844.6187
3020032,0.12693538
3020033,795.65216
3020034,15.26852
3020035,2310.1716
3020036,1482.7423
3020037,818.39417
3020038,176.69716
3020039,405.0202
3020040,8641.983
3020041,42.939716
3020042,1.4973491
3020043,29.11358
3020044,36.7966
3020045,1.3245056
3020046,456.0543
3020047,21.977512
3020048,10.760133
3020049,6.887034
3020050,122.5781
3020051,4.843783
3020052,1160.7085
3020053,756.98914
3020054,14.13065
3020055,16.954378
3020056,1026.9647
3020057,175.03824
3020058,2020.2205
3020059,12.997426
3020060,50.620197
3020061,16.060564
3020062,0.0018258803
3020063,12.483637
3020064,6668.6167
3020065,0.3729428
3020066,1126.2311
3020067,18.234629
3020068,2341.0068
3020069,2053.1768
3020070,647.7947
3020071,356.23672
3020072,436.84042
3020073,9377.948
3020074,65.76005
3020075,1.8201742
3020076,42.80543
3020077,47.30778
3020078,1.8463295
3020079,449.6534
3020080,20.419554
3020081,16.422106
3020082,4.9724154
3020083,169.93112
3020084,7.8670173
3020085,900.9738
3020086,718.2164
3020087,14.542406
3020088,19.491873
3020089,1187.5977
3020090,287.20642
3020091,4058.4346
3020092,11.907437
3020093,85.84599
3020094,13.824905
3020095,0.0034679063
3020096,10.779173
3020097,3911.0063
3020098,0.037289318
3020099,717.77924
3020100,15.458686
3020101,2164.8965
3020102,1242.7936
3020103,660.0726
3020104,141.92242
3020105,320.48395
3020106,7761.9155
3020107,44.086514
3020108,0.8997411
3020109,35.028526
3020110,26.370207
3020111,0.8611227
3020112,417.21384
3020113,18.015133
3020114,6.3871775
3020115,4.925537
3020116,105.301056
3020117,3.2267437
3020118,981.2755
3020119,721.81195
3020120,10.265699
3020121,14.704862
3020122,909.119
3020123,131.5149
3020124,1480.9121
3020125,16.670332
3020126,30.165165
3020127,10.701622
3020128,0.0
3020129,8.082291
3020130,5719.762
3020131,0.28706175
3020132,1067.486
3020133,22.188925
3020134,1728.5018
3020135,1980.5288
3020136,377.01602
3020137,440.90842
3020138,444.32562
3020139,6828.153
3020140,65.77939
3020141,1.7393651
3020142,42.258495
3020143,27.78032
3020144,1.0266716
3020145,306.78278
3020146,11.545547
3020147,17.275784
3020148,9.133904
3020149,224.63353
3020150,9.051182
3020151,747.29645
3020152,408.30542
3020153,11.045087
3020154,21.828382
3020155,922.80853
3020156,302.72742
3020157,5092.3066
3020158,9.07004
3020159,87.42954
3020160,5.5333095
3020161,0.13491094
3020162,5.161308
3020163,1558.3461
3020164,0.14478569
3020165,385.8053
3020166,16.691797
3020167,985.1942
3020168,533.7367
3020169,247.22037
3020170,110.888756
3020171,165.06093
3020172,3141.617
3020173,19.95127
3020174,1.0282763
3020175,19.24747
3020176,23.892353
3020177,0.5746033
3020178,153.1062
3020179,9.475359
3020180,2.9500668
3020181,17.878384
3020182,65.5209
3020183,4.174767
3020184,280.6723
3020185,270.2883
3020186,2.0232368
3020187,5.10755
3020188,254.75667
3020189,88.3847
3020190,1052.1433
3020191,0.49619874
3020192,13.242552
3020193,11.715764
3020194,0.0
3020195,7.865105
3020196,3345.0012
3020197,0.18210256
3020198,585.60864
3020199,23.827852
3020200,1612.0
3020201,1041.6782
3020202,463.11044
3020203,114.02158
3020204,272.7031
3020205,6078.2817
3020206,47.041122
3020207,1.5141227
3020208,52.35028
3020209,48.179424
3020210,0.6310027
3020211,288.72086
3020212,14.200072
3020213,5.3653436
3020214,5.883377
3020215,115.058945
3020216,5.004357
3020217,599.84845
3020218,498.6989
3020219,6.020883
3020220,15.182637
3020221,449.76108
3020222,120.200386
3020223,1549.1521
3020224,11.264971
3020225,23.424297
3020226,6.94642
3020227,0.0038759932
3020228,4.8990383
3020229,4206.1924
3020230,0.16367598
3020231,870.7902
3020232,10.327509
3020233,1460.7305
3020234,1505.0675
3020235,257.92502
3020236,334.0955
3020237,336.795
3020238,4954.544
3020239,32.043236
3020240,1.4142413
3020241,22.140707
3020242,21.39994
3020243,1.1137224
3020244,215.41664
3020245,2.7198863
3020246,18.053005
3020247,6.4229536
3020248,161.49855
3020249,6.2681885
3020250,635.78766
3020251,290.63654
3020252,11.781574
3020253,7.667392
3020254,874.3157
3020255,167.49313
3020256,3608.5303
3020257,6.4909687
3020258,65.101776
3020259,0.895926
3020260,0.0038525835
3020261,0.5863641
3020262,331.26065
3020263,0.0
3020264,58.538784
3020265,0.8039393
3020266,122.82326
3020267,85.3584
3020268,26.758558
3020269,14.968931
3020270,24.32886
3020271,448.1015
3020272,3.4174984
3020273,0.2389783
3020274,4.22421
3020275,3.867033
3020276,0.07169759
3020277,27.200165
3020278,0.76894146
3020279,4.576927
3020280,0.6075709
3020281,14.456599
3020282,0.7298626
3020283,35.717117
3020284,27.33835
3020285,1.0538607
3020286,2.0361416
3020287,35.560898
3020288,9.8680935
3020289,359.21664
3020290,1.418429
3020291,0.7246688
3020292,5.026956
3020293,0.014051132
3020294,3.604932
3020295,1337.6074
3020296,0.04831583
3020297,333.2434
3020298,5.6622124
3020299,684.3027
3020300,364.73404
3020301,157.37714
3020302,69.17844
3020303,122.49428
3020304,2045.6782
3020305,11.012232
3020306,0.97790694
3020307,15.130914
3020308,14.632985
3020309,0.095721684
3020310,124.80197
3020311,2.7976964
3020312,3.7353065
3020313,5.264644
3020314,74.18294
3020315,2.2356427
3020316,179.44394
3020317,187.56259
3020318,2.2353885
3020319,3.6953273
3020320,146.821
3020321,53.53846
3020322,1183.615
3020323,0.7998309
3020324,4.1698275
3020325,5.791461
3020326,0.18848884
3020327,0.6005178
3020328,1343.3142
3020329,0.00016807579
3020330,221.04076
3020331,3.1388493
3020332,1059.2576
3020333,190.99968
3020334,189.26042
3020335,73.358635
3020336,35.68288
3020337,2684.849
3020338,8.063324
3020339,0.71732044
3020340,16.01076
3020341,9.349683
3020342,0.17846632
3020343,142.9614
3020344,0.0034855008
3020345,0.0
3020346,4.2675877
3020347,23.384062
3020348,0.48805347
3020349,52.476696
3020350,184.91772
3020351,0.10994503
3020352,2.127421
3020353,54.39054
3020354,62.954685
3020355,378.72137
3020356,0.66756016
3020357,1.7206455
3020358,5.4342947
3020359,0.008015051
3020360,5.8141475
3020361,3130.4827
3020362,0.046086527
3020363,556.90314
3020364,10.105495
3020365,1245.0337
3020366,989.38306
3020367,347.74753
3020368,204.31355
3020369,229.98
3020370,4704.209
3020371,34.989227
3020372,0.9394881
3020373,18.820385
3020374,31.508133
3020375,0.40393442
3020376,217.29726
3020377,20.891798
3020378,8.0117655
3020379,7.8759394
3020380,94.6167
3020381,3.9167588
3020382,497.09366
3020383,327.29895
3020384,6.3759193
3020385,8.329377
3020386,650.18646
3020387,140.59314
3020388,1839.5957
3020389,0.29391566
3020390,43.468002
3020391,4.340712
3020392,0.03140523
3020393,3.701224
3020394,3449.2534
3020395,0.1335322
3020396,656.84283
3020397,12.103307
3020398,1061.095
3020399,1265.9204
3020400,170.52599
3020401,287.00027
3020402,265.6201
3020403,3787.6084
3020404,40.252193
3020405,2.1066465
3020406,15.486062
3020407,14.820527
3020408,0.78786314
3020409,161.17554
3020410,7.7580886
3020411,19.653635
3020412,8.79156
3020413,162.6394
3020414,7.0649185
3020415,523.171
3020416,219.05789
3020417,4.123328
3020418,7.4318857
3020419,634.00146
3020420,183.095
3020421,3539.918
3020422,0.33465505
3020423,57.90173
3020424,5.334464
3020425,0.08884818
3020426,7.435579
3020427,3908.6821
3020428,0.19651045
3020429,769.0026
3020430,15.935619
3020431,1265.0791
3020432,1451.059
3020433,281.78854
3020434,327.4334
3020435,243.04402
3020436,4780.2827
3020437,41.197735
3020438,2.440384
3020439,32.05219
3020440,27.714127
3020441,1.188073
3020442,249.97499
3020443,26.835104
3020444,17.544386
3020445,22.031113
3020446,149.79144
3020447,8.807189
3020448,517.00415
3020449,333.2115
3020450,10.849662
3020451,12.033951
3020452,626.98773
3020453,210.13326
3020454,3288.041
3020455,0.45683512
3020456,55.66986
3020457,14.08904
3020458,0.21685001
3020459,5.5944085
3020460,2861.022
3020461,0.0
3020462,564.33636
3020463,10.422201
3020464,1741.4307
3020465,778.6833
3020466,595.82806
3020467,198.03297
3020468,132.07317
3020469,6236.6807
3020470,11.344715
3020471,1.871551
3020472,35.691463
3020473,20.996698
3020474,0.3911457
3020475,311.19818
3020476,10.249931
3020477,4.45958
3020478,8.853603
3020479,52.586
3020480,1.7872502
3020481,378.77686
3020482,450.40295
3020483,3.6262436
3020484,7.3931866
3020485,491.2754
3020486,90.48722
3020487,1038.4303
3020488,6.177803
3020489,16.540897
3020490,3.3741183
3020491,0.0
3020492,2.4541664
3020493,1640.962
3020494,0.13040365
3020495,343.29282
3020496,10.88252
3020497,641.9153
3020498,643.2921
3020499,123.8921
3020500,139.94432
3020501,133.01884
3020502,2259.1587
3020503,21.710848
3020504,1.5904312
3020505,16.027906
3020506,13.806349
3020507,0.34915727
3020508,108.67977
3020509,10.122222
3020510,9.261059
3020511,6.469415
3020512,102.58442
3020513,3.4220912
3020514,316.3206
3020515,132.09273
3020516,3.7345505
3020517,5.696472
3020518,294.82208
3020519,82.71452
3020520,1559.7067
3020521,0.18661095
3020522,26.088993
3020523,3.106236
3020524,0.2894071
3020525,1.3635215
3020526,927.7905
3020527,0.0016171336
3020528,113.54883
3020529,2.8090146
3020530,780.23413
3020531,263.44714
3020532,253.90904
3020533,50.488716
3020534,46.135338
3020535,2480.21
3020536,3.6628478
3020537,0.6891923
3020538,7.9861517
3020539,5.8213577
3020540,0.17930193
3020541,128.73912
3020542,3.5172014
3020543,0.018062593
3020544,3.160025
3020545,12.343608
3020546,0.26272708
3020547,184.75784
3020548,180.3888
3020549,0.35809475
3020550,2.5018184
3020551,180.93605
3020552,21.416914
3020553,160.15056
3020554,0.54486215
3020555,2.8052545
3020556,6.770928
3020557,0.20434979
3020558,4.8271036
3020559,3746.593
3020560,0.0
3020561,610.06274
3020562,10.8215065
3020563,1958.1348
3020564,538.4731
3020565,441.09238
3020566,164.8595
3020567,106.97772
3020568,6682.9595
3020569,17.998243
3020570,0.7219108
3020571,25.432737
3020572,14.920798
3020573,0.40574783
3020574,352.54056
3020575,8.458414
3020576,1.5874261
3020577,10.994607
3020578,45.810818
3020579,1.5766122
3020580,621.1542
3020581,397.5145
3020582,1.0786358
3020583,8.296921
3020584,522.1896
3020585,56.952984
3020586,846.11053
3020587,4.236179
3020588,8.427525
3020589,4.838383
3020590,0.11665818
3020591,0.95940447
3020592,1343.3407
3020593,0.00013929605
3020594,182.78957
3020595,6.584724
3020596,779.2078
3020597,351.2549
3020598,201.18115
3020599,78.14685
3020600,50.135708
3020601,2522.5881
3020602,6.3424306
3020603,0.9876593
3020604,11.167648
3020605,8.927342
3020606,0.2294156
3020607,120.8975
3020608,1.3836871
3020609,0.010583027
3020610,6.340928
3020611,38.82532
3020612,0.8038279
3020613,145.31673
3020614,158.9417
3020615,0.55637324
3020616,3.1650083
3020617,187.984
3020618,34.33021
3020619,217.92982
3020620,0.5668332
3020621,2.6728199
3020622,5.639545
3020623,0.0
3020624,1.2972535
3020625,1337.0758
3020626,0.0
3020627,161.23572
3020628,4.364373
3020629,789.23914
3020630,281.8963
3020631,162.75145
3020632,54.90208
3020633,35.072426
3020634,2767.0864
3020635,7.44028
3020636,0.54285777
3020637,11.491166
3020638,8.72129
3020639,0.15334816
3020640,115.41117
3020641,2.9218814
3020642,0.01188315
3020643,2.863905
3020644,33.252598
3020645,0.49316266
3020646,153.26906
3020647,184.20204
3020648,0.25617373
3020649,2.532199
3020650,122.88191
3020651,28.286238
3020652,126.793755
3020653,0.4212234
3020654,1.8844771
3020655,3.6827714
3020656,0.0063503203
3020657,1.1410087
3020658,999.7191
3020659,7.176306e-05
3020660,189.31757
3020661,5.049385
3020662,1097.6831
3020663,369.1227
3020664,228.45328
3020665,37.938763
3020666,64.2858
3020667,2663.9336
3020668,5.97533
3020669,0.3536951
3020670,13.135362
3020671,13.340591
3020672,0.1928334
3020673,165.37001
3020674,1.0475289
3020675,5.479157e-05
3020676,4.568041
3020677,25.292799
3020678,0.849644
3020679,293.02667
3020680,278.34503
3020681,0.47031954
3020682,3.200352
3020683,97.61889
3020684,62.526363
3020685,245.686
3020686,0.34546795
3020687,3.9567707
3020688,2.7188342
3020689,1.0275846
3020690,1.8875991
3020691,1282.3712
3020692,0.0
3020693,152.70697
3020694,3.2142773
3020695,879.6897
3020696,317.2802
3020697,277.7218
3020698,81.89298
3020699,67.66565
3020700,2756.1707
3020701,9.599767
3020702,0.925817
3020703,32.40105
3020704,11.198296
3020705,0.11060007
3020706,157.47476
3020707,6.047026
3020708,0.008982735
3020709,4.8865423
3020710,24.706133
3020711,0.79063547
3020712,126.714355
3020713,183.93094
3020714,0.424737
3020715,2.87562
3020716,131.54651
3020717,31.719511
3020718,418.56543
3020719,0.4308598
3020720,5.111315
3020721,5.770334
3020722,0.101526074
3020723,0.84989214
3020724,1134.1757
3020725,0.0013022628
3020726,202.79897
3020727,3.8617804
3020728,1008.8023
3020729,256.4755
3020730,216.46996
3020731,185.17793
3020732,43.35112
3020733,2575.084
3020734,5.7937574
3020735,0.592429
3020736,13.51118
3020737,8.330932
3020738,0.12715547
3020739,144.08035
3020740,0.0042674094
3020741,0.01774402
3020742,3.7629795
3020743,35.80272
3020744,0.6298789
3020745,75.58068
3020746,197.70715
3020747,0.28034666
3020748,2.1136854
3020749,95.349205
3020750,42.03645
3020751,401.4859
3020752,1.4730017
3020753,2.6225188
3020754,6.307649
3020755,0.16339412
3020756,1.8864889
3020757,2510.1328
3020758,0.00026530446
3020759,256.4565
3020760,5.0485144
3020761,1081.6941
3020762,572.95447
3020763,437.17722
3020764,189.58762
3020765,100.285545
3020766,3923.3853
3020767,8.27988
3020768,0.73636156
3020769,18.139765
3020770,17.006844
3020771,0.18554917
3020772,203.19504
3020773,2.070005
3020774,0.13302319
3020775,5.5416927
3020776,40.100925
3020777,1.3440157
3020778,256.02344
3020779,234.52182
3020780,1.0831902
3020781,5.5291576
3020782,310.6965
3020783,67.1413
3020784,801.99945
3020785,0.53925806
3020786,11.255275
3020787,3.8416064
3020788,0.10314947
3020789,2.0072505
3020790,1705.5981
3020791,0.0012636539
3020792,655.8808
3020793,4.755415
3020794,603.0071
3020795,489.78458
3020796,208.6752
3020797,164.42975
3020798,57.967308
3020799,2491.8755
3020800,16.988703
3020801,0.984535
3020802,15.504974
3020803,9.005278
3020804,0.16619517
3020805,117.1878
3020806,6.7546825
3020807,1.4538516
3020808,4.1663146
3020809,57.6199
3020810,1.2450337
3020811,98.26608
3020812,152.70161
3020813,1.9520296
3020814,4.5877943
3020815,200.68918
3020816,50.91413
3020817,937.83136
3020818,1.9369149
3020819,8.979302
3020820,6.7745776
3020821,0.12773171
3020822,1.6374419
3020823,2042.4218
3020824,0.0012706388
3020825,180.20285
3020826,5.653636
3020827,944.7023
3020828,305.29843
3020829,283.85278
3020830,67.486084
3020831,64.48038
3020832,3091.5547
3020833,9.97232
3020834,1.2876427
3020835,15.244139
3020836,9.171836
3020837,0.16905256
3020838,134.14305
3020839,5.719818
3020840,0.018520351
3020841,4.62804
3020842,34.360626
3020843,1.0886621
3020844,142.84596
3020845,192.62798
3020846,0.611153
3020847,3.1802204
3020848,127.3482
3020849,33.99336
3020850,284.59485
3020851,0.5493031
3020852,4.213137
3020853,5.560162
3020854,0.054216113
3020855,4.7776804
3020856,2561.9937
3020857,0.15133558
3020858,566.19727
3020859,8.514754
3020860,974.6841
3020861,884.6275
3020862,249.44156
3020863,187.87747
3020864,166.58421
3020865,3997.9856
3020866,31.962065
3020867,1.2019279
3020868,19.037794
3020869,15.504928
3020870,0.5036568
3020871,190.1286
3020872,18.84398
3020873,8.305102
3020874,8.704911
3020875,88.01274
3020876,4.076657
3020877,507.3467
3020878,269.79077
3020879,5.841646
3020880,6.128622
3020881,504.70844
3020882,127.09756
3020883,1780.2455
3020884,0.49961317
3020885,32.70989
3020886,4.8360972
3020887,0.3312293
3020888,3.0541801
3020889,1759.4688
3020890,0.0
3020891,275.63577
3020892,4.3180695
3020893,754.8079
3020894,438.81146
3020895,351.5842
3020896,71.75867
3020897,64.562256
3020898,3030.8457
3020899,7.6058173
3020900,0.45072028
3020901,16.15572
3020902,9.113668
3020903,0.10506936
3020904,174.1355
3020905,4.496445
3020906,3.3011067
3020907,2.0183997
3020908,25.047466
3020909,0.6849251
3020910,171.37152
3020911,226.75848
3020912,1.5761034
3020913,2.9862568
3020914,218.4319
3020915,47.176834
3020916,538.3217
3020917,2.985109
3020918,7.4199996
3020919,5.004983
3020920,0.31388316
3020921,2.345998
3020922,1251.6555
3020923,0.00040146895
3020924,235.95824
3020925,3.6195598
3020926,616.2354
3020927,267.59747
3020928,154.97224
3020929,104.70948
3020930,46.89608
3020931,2010.0315
3020932,6.5753217
3020933,0.4542835
3020934,16.85389
3020935,14.501228
3020936,0.15358776
3020937,154.66066
3020938,2.5758734
3020939,1.1974151
3020940,4.475713
3020941,32.56691
3020942,1.0176433
3020943,53.88074
3020944,155.54887
3020945,0.92333716
3020946,3.8570914
3020947,83.09081
3020948,49.518196
3020949,613.50586
3020950,2.2727697
3020951,2.7885149
3020952,2.3468218
3020953,0.12707672
3020954,0.6637705
3020955,540.698
3020956,0.0
3020957,57.40216
3020958,3.8338552
3020959,264.83008
3020960,129.03876
3020961,69.15142
3020962,22.41665
3020963,31.110376
3020964,993.07336
3020965,2.4817545
3020966,0.43764508
3020967,17.10148
3020968,8.063314
3020969,0.14502558
3020970,66.95894
3020971,0.21422668
3020972,0.0080445185
3020973,3.0192127
3020974,14.473081
3020975,1.2097609
3020976,45.314804
3020977,67.52184
3020978,0.40690106
3020979,2.3902376
3020980,52.627514
3020981,19.215822
3020982,168.51535
3020983,0.2521191
3020984,0.90152943
3020985,2.300824
3020986,0.0014132075
3020987,1.593909
3020988,1217.3207
3020989,0.056164432
3020990,274.86316
3020991,9.443544
3020992,572.12524
3020993,479.14694
3020994,133.22052
3020995,54.80753
3020996,103.67573
3020997,1997.8406
3020998,24.550798
3020999,0.14104208
3021000,7.210382
3021001,9.518573
3021002,0.21456447
3021003,93.39137
3021004,7.318732
3021005,0.9473809
3021006,4.4340277
3021007,55.07559
3021008,2.286255
3021009,632.7326
3021010,142.07869
3021011,1.8864869
3021012,2.6815236
3021013,307.5209
3021014,49.922844
3021015,846.3568
3021016,0.18112925
3021017,15.3878145
3021018,3.2740133
3021019,0.043543585
3021020,5.072833
3021021,2900.0083
3021022,0.14129962
3021023,701.82
3021024,11.511199
3021025,1102.2367
3021026,1105.4093
3021027,253.04457
3021028,202.1891
3021029,216.19667
3021030,3787.923
3021031,27.055258
3021032,1.1716315
3021033,16.41155
3021034,30.423243
3021035,0.3698918
3021036,184.62172
3021037,9.071951
3021038,14.048311
3021039,9.061089
3021040,100.90919
3021041,6.995664
3021042,384.1795
3021043,265.03513
3021044,9.583734
3021045,7.767097
3021046,499.79535
3021047,127.782295
3021048,2425.6846
3021049,0.6025011
3021050,34.921482
3021051,2.1050382
3021052,0.019930193
3021053,2.3788178
3021054,1769.01
3021055,0.07992876
3021056,286.88287
3021057,4.772012
3021058,456.48322
3021059,475.58017
3021060,124.092865
3021061,104.3685
3021062,174.10619
3021063,1681.813
3021064,11.632474
3021065,0.89530444
3021066,19.420597
3021067,11.93746
3021068,0.14303099
3021069,70.57477
3021070,0.00015057717
3021071,10.484072
3021072,7.691213
3021073,176.01811
3021074,3.5191133
3021075,197.42505
3021076,105.880554
3021077,2.212068
3021078,3.4266028
3021079,158.48883
3021080,50.29352
3021081,927.56134
3021082,0.3601679
3021083,5.344982
3021084,3.5305865
3021085,0.06326489
3021086,0.9362554
3021087,819.0116
3021088,0.008737989
3021089,223.11159
3021090,4.721166
3021091,433.07034
3021092,242.88846
3021093,89.65321
3021094,40.52545
3021095,79.66321
3021096,1605.3075
3021097,4.2820606
3021098,0.79937667
3021099,8.258962
3021100,5.741917
3021101,0.21778463
3021102,60.176888
3021103,1.2167245
3021104,1.6672173
3021105,3.440135
3021106,34.154587
3021107,0.23789139
3021108,279.5399
3021109,159.45258
3021110,0.9438703
3021111,1.2521309
3021112,161.75693
3021113,17.615263
3021114,357.015
3021115,0.5832248
3021116,3.3830106
3021117,5.00618
3021118,0.055268135
3021119,3.6260784
3021120,2511.395
3021121,0.06469665
3021122,613.83984
3021123,10.678699
3021124,804.1779
3021125,825.9167
3021126,254.67676
3021127,212.59802
3021128,166.99544
3021129,3265.8765
3021130,21.667957
3021131,1.8252228
3021132,12.766778
3021133,15.495058
3021134,0.32790238
3021135,144.24986
3021136,4.8448524
3021137,13.927266
3021138,5.763507
3021139,161.1355
3021140,2.4063487
3021141,273.56552
3021142,209.36432
3021143,5.5997014
3021144,5.934756
3021145,391.14438
3021146,90.693855
3021147,1763.2449
3021148,0.6475158
3021149,24.0013
3021150,7.2077312
3021151,0.027630465
3021152,1.9756837
3021153,2356.285
3021154,0.0
3021155,575.68396
3021156,7.9931164
3021157,1048.8433
3021158,670.561
3021159,347.78146
3021160,244.83414
3021161,99.67638
3021162,3796.3872
3021163,7.2869534
3021164,1.2826791
3021165,23.95896
3021166,11.680736
3021167,0.53748536
3021168,181.67992
3021169,4.3758657e-05
3021170,1.8910426
3021171,7.5273337
3021172,116.57338
3021173,0.7072874
3021174,202.19536
3021175,308.41272
3021176,2.7373455
3021177,3.40777
3021178,236.59622
3021179,65.89124
3021180,1019.11176
3021181,3.8204262
3021182,6.379374
3021183,3.5461395
3021184,0.23691007
3021185,1.7005974
3021186,1400.5635
3021187,0.0
3021188,328.95972
3021189,5.2917604
3021190,533.2216
3021191,380.65598
3021192,157.555
3021193,108.1088
3021194,55.59105
3021195,1977.5823
3021196,5.8497963
3021197,0.61422867
3021198,13.670908
3021199,10.019741
3021200,0.15973175
3021201,125.044205
3021202,0.00097521953
3021203,1.1290127
3021204,2.6889396
3021205,66.71471
3021206,0.7308619
3021207,71.6865
3021208,153.19131
3021209,2.3205771
3021210,2.8263264
3021211,112.72332
3021212,38.54913
3021213,634.0724
3021214,2.179747
3021215,3.8223855
3021216,9.526552
3021217,0.43456098
3021218,9.891478
3021219,6997.5815
3021220,0.33804408
3021221,1174.1819
3021222,30.704725
3021223,2082.4937
3021224,2108.3616
3021225,398.2262
3021226,524.8239
3021227,461.8819
3021228,7866.0444
3021229,77.87598
3021230,3.058063
3021231,47.135357
3021232,37.378998
3021233,1.9305948
3021234,349.25122
3021235,33.173645
3021236,25.245436
3021237,26.722414
3021238,224.68242
3021239,13.092781
3021240,818.5996
3021241,513.7682
3021242,12.55466
3021243,18.988152
3021244,1181.0498
3021245,369.44916
3021246,5509.7437
3021247,0.80873275
3021248,106.28086
3021249,3.1777618
3021250,0.06727946
3021251,0.6389848
3021252,968.74194
3021253,0.0
3021254,154.95062
3021255,2.5931218
3021256,489.05072
3021257,232.01198
3021258,107.07077
3021259,124.58082
3021260,60.623924
3021261,1580.7938
3021262,3.5479271
3021263,0.9252702
3021264,9.884233
3021265,5.000679
3021266,0.29906687
3021267,81.120094
3021268,0.426272
3021269,0.004294999
3021270,4.0541005
3021271,54.717896
3021272,0.37976536
3021273,57.97814
3021274,105.02651
3021275,0.90097433
3021276,2.5828564
3021277,101.379234
3021278,23.211218
3021279,333.94006
3021280,0.85006756
3021281,3.4052572
3021282,7.750174
3021283,0.59254926
3021284,2.644349
3021285,1894.6466
3021286,0.0022393838
3021287,474.75558
3021288,5.654022
3021289,1274.7604
3021290,616.5113
3021291,253.39064
3021292,248.72717
3021293,114.19745
3021294,4018.095
3021295,9.557757
3021296,0.73385125
3021297,15.113294
3021298,13.434953
3021299,0.3824463
3021300,200.86133
3021301,1.5681245
3021302,1.21729
3021303,12.547824
3021304,30.79927
3021305,0.69303554
3021306,313.06473
3021307,299.61694
3021308,1.5885441
3021309,5.031241
3021310,143.4214
3021311,74.64279
3021312,865.8079
3021313,2.6837058
3021314,5.1048546
3021315,1.845556
3021316,0.047490366
3021317,0.24123602
3021318,631.3262
3021319,0.0
3021320,100.265976
3021321,2.4183
3021322,453.98828
3021323,149.91458
3021324,98.48658
3021325,142.14029
3021326,29.559166
3021327,1500.1312
3021328,1.6968524
3021329,0.4763662
3021330,7.6547604
3021331,2.528963
3021332,0.15981467
3021333,65.431656
3021334,0.0
3021335,0.005849475
3021336,2.194825
3021337,71.4182
3021338,0.106235385
3021339,58.928062
3021340,98.7859
3021341,0.13531354
3021342,0.85806036
3021343,63.413128
3021344,11.196255
3021345,126.61897
3021346,0.8773034
3021347,1.209738
3021348,7.907808
3021349,0.15842569
3021350,1.101084
3021351,1418.5526
3021352,0.0
3021353,279.56583
3021354,5.4161553
3021355,1076.0264
3021356,403.22928
3021357,201.88324
3021358,176.594
3021359,78.688866
3021360,3113.321
3021361,2.979021
3021362,0.69467336
3021363,31.653002
3021364,12.480425
3021365,0.17424314
3021366,155.66336
3021367,0.0033963472
3021368,0.029448187
3021369,12.822448
3021370,66.19985
3021371,0.96743286
3021372,256.51752
3021373,241.56844
3021374,0.7273909
3021375,3.267717
3021376,220.02446
3021377,37.372196
3021378,856.65204
3021379,1.151815
3021380,1.5647969
3021381,3.398008
3021382,0.19896133
3021383,2.8360121
3021384,2330.476
3021385,0.002074737
3021386,684.93134
3021387,7.4958553
3021388,921.1734
3021389,596.65234
3021390,252.91396
3021391,119.658104
3021392,133.09958
3021393,3848.7407
3021394,5.522273
3021395,1.8632679
3021396,26.49079
3021397,24.05645
3021398,0.68395376
3021399,162.97188
3021400,3.7201834
3021401,2.1183043
3021402,9.87247
3021403,52.788174
3021404,1.1365843
3021405,184.07443
3021406,320.1387
3021407,1.6742502
3021408,4.031343
3021409,142.243
3021410,34.613853
3021411,500.14227
3021412,5.0430837
3021413,3.086611
3021414,4.4682407
3021415,0.05556656
3021416,0.27063575
3021417,1157.3915
3021418,0.0003371369
3021419,92.71799
3021420,1.6628635
3021421,480.08972
3021422,164.97008
3021423,83.60636
3021424,177.17287
3021425,54.595623
3021426,1773.0787
3021427,2.9342933
3021428,0.6173854
3021429,7.694653
3021430,6.252335
3021431,0.20184988
3021432,69.93439
3021433,0.0
3021434,0.056157324
3021435,1.4462254
3021436,44.66344
3021437,0.29778627
3021438,165.98573
3021439,87.93671
3021440,0.2898659
3021441,0.75081855
3021442,58.71015
3021443,17.577822
3021444,233.47621
3021445,0.77927625
3021446,0.4997853
3021447,3.947331
3021448,0.040991742
3021449,1.4425243
3021450,2103.559
3021451,0.0022433028
3021452,489.7279
3021453,5.1350656
3021454,878.97437
3021455,532.82214
3021456,212.02696
3021457,118.18443
3021458,105.35111
3021459,3439.3088
3021460,6.2825828
3021461,0.52309746
3021462,21.784613
3021463,11.666991
3021464,0.20238283
3021465,151.35706
3021466,0.060459398
3021467,8.570053
3021468,3.1899097
3021469,128.8782
3021470,0.6183441
3021471,204.37228
3021472,237.58856
3021473,1.1897689
3021474,3.2995021
3021475,122.08075
3021476,53.12584
3021477,933.76935
3021478,5.1899424
3021479,0.99830407
3021480,4.044867
3021481,0.022301856
3021482,4.3670526
3021483,2182.8257
3021484,0.16079578
3021485,557.19073
3021486,8.132617
3021487,1052.7454
3021488,914.88367
3021489,148.81717
3021490,154.69589
3021491,198.19069
3021492,3680.1829
3021493,46.42821
3021494,1.915112
3021495,22.661316
3021496,16.198391
3021497,0.33546868
3021498,168.62967
3021499,17.413149
3021500,13.154641
3021501,5.7839994
3021502,110.221146
3021503,5.0465746
3021504,249.68544
3021505,257.16733
3021506,6.821647
3021507,6.811615
3021508,254.7529
3021509,131.32217
3021510,1956.8851
3021511,0.3144109
3021512,20.082014
3021513,6.6557817
3021514,0.012519633
3021515,5.2268806
3021516,1907.973
3021517,0.10245753
3021518,542.1335
3021519,9.98278
3021520,1075.8995
3021521,842.25555
3021522,169.67232
3021523,119.55927
3021524,212.18584
3021525,3817.4512
3021526,26.70201
3021527,1.7555978
3021528,24.450783
3021529,18.910795
3021530,0.14972763
3021531,219.98236
3021532,18.76596
3021533,8.936521
3021534,13.1561365
3021535,79.5068
3021536,5.361368
3021537,185.8416
3021538,365.32306
3021539,4.1190104
3021540,6.3430033
3021541,163.43965
3021542,120.59735
3021543,1533.4136
3021544,0.34232676
3021545,19.601536
3021546,8.972029
3021547,0.28060296
3021548,3.927581
3021549,2386.0793
3021550,0.0028364956
3021551,717.75867
3021552,7.105639
3021553,1307.3965
3021554,540.1657
3021555,190.72688
3021556,408.34525
3021557,94.26478
3021558,4319.306
3021559,29.037626
3021560,1.8332909
3021561,24.213741
3021562,14.574586
3021563,0.4272876
3021564,217.54977
3021565,4.945474
3021566,8.085749
3021567,6.831595
3021568,66.1152
3021569,2.0432494
3021570,242.39058
3021571,312.0017
3021572,2.8928673
3021573,5.80018
3021574,214.8765
3021575,77.8885
3021576,1140.0109
3021577,2.0136263
3021578,10.939283
3021579,4.065829
3021580,0.015202393
3021581,4.163383
3021582,2258.8232
3021583,0.16867965
3021584,412.8117
3021585,6.8595524
3021586,888.9112
3021587,815.1264
3021588,218.29825
3021589,172.72656
3021590,154.70961
3021591,3397.2085
3021592,20.149055
3021593,1.151385
3021594,14.983541
3021595,9.50173
3021596,0.40758747
3021597,165.27704
3021598,16.423044
3021599,9.638829
3021600,4.0524516
3021601,84.797264
3021602,3.748663
3021603,368.99673
3021604,231.84201
3021605,4.5493875
3021606,5.8475327
3021607,464.7072
3021608,100.13383
3021609,1678.9403
3021610,0.21862087
3021611,32.980682
3021612,3.9910629
3021613,0.3156581
3021614,1.2132175
3021615,2434.5579
3021616,0.0
3021617,374.36804
3021618,5.9751277
3021619,1428.3813
3021620,491.51648
3021621,259.0855
3021622,146.71992
3021623,74.81221
3021624,4481.3345
3021625,9.021558
3021626,1.0463675
3021627,23.01366
3021628,16.951296
3021629,0.22508466
3021630,226.32188
3021631,0.0
3021632,0.14590332
3021633,8.373318
3021634,72.32919
3021635,0.9922636
3021636,116.81384
3021637,293.94733
3021638,1.2126507
3021639,4.455525
3021640,156.6472
3021641,51.050236
3021642,723.7405
3021643,2.1244473
3021644,3.2534397
3021645,4.9685144
3021646,0.029974788
3021647,4.502474
3021648,1592.3531
3021649,0.03205393
3021650,432.67828
3021651,7.845506
3021652,888.01666
3021653,580.12555
3021654,199.8506
3021655,119.81816
3021656,185.79909
3021657,2997.6738
3021658,23.263187
3021659,0.8008022
3021660,18.090149
3021661,20.718418
3021662,0.29024455
3021663,153.92415
3021664,8.606787
3021665,9.954781
3021666,8.418229
3021667,73.060776
3021668,5.9636497
3021669,175.07376
3021670,269.49448
3021671,4.8771644
3021672,4.981215
3021673,164.21097
3021674,59.992153
3021675,1242.5767
3021676,0.5913306
3021677,7.9632263
3021678,1.8014822
3021679,0.015460805
3021680,2.5550203
3021681,1184.8457
3021682,0.18796927
3021683,242.37349
3021684,5.585327
3021685,388.33282
3021686,394.0116
3021687,72.80482
3021688,60.42128
3021689,76.078316
3021690,1478.9489
3021691,13.092849
3021692,0.5201655
3021693,9.784034
3021694,12.542846
3021695,0.12253306
3021696,100.382576
3021697,8.675754
3021698,11.890188
3021699,2.1165168
3021700,36.736843
3021701,4.033474
3021702,99.03089
3021703,108.33025
3021704,3.2984354
3021705,3.9040387
3021706,109.40338
3021707,37.15162
3021708,1196.4221
3021709,0.2619095
3021710,8.841598
3021711,6.1813
3021712,0.048790887
3021713,1.1892585
3021714,3104.7769
3021715,0.0
3021716,311.13568
3021717,5.7529373
3021718,1036.9166
3021719,374.87326
3021720,243.1308
3021721,146.5776
3021722,53.788452
3021723,3401.3728
3021724,4.256268
3021725,1.1635033
3021726,15.763041
3021727,10.586435
3021728,0.13483481
3021729,148.0408
3021730,0.0
3021731,1.0420544
3021732,3.2989855
3021733,89.09787
3021734,1.2427101
3021735,149.70242
3021736,226.34575
3021737,0.7007946
3021738,2.9154763
3021739,173.0285
3021740,62.059944
3021741,522.55865
3021742,1.8649865
3021743,0.7528437
3021744,18.890932
3021745,0.0037780218
3021746,12.09931
3021747,8228.849
3021748,0.33272392
3021749,1413.6166
3021750,24.164837
3021751,2565.9333
3021752,2611.2922
3021753,600.3873
3021754,649.1572
3021755,620.56714
3021756,9886.748
3021757,81.192375
3021758,4.216314
3021759,86.088524
3021760,65.19648
3021761,1.9321336
3021762,427.39447
3021763,21.408064
3021764,13.300093
3021765,19.058174
3021766,335.34286
3021767,12.239774
3021768,974.5808
3021769,565.5441
3021770,21.803228
3021771,28.378832
3021772,1288.772
3021773,469.62808
3021774,6810.31
3021775,18.277916
3021776,122.54696
3021777,15.891907
3021778,0.0011050384
3021779,10.13037
3021780,7022.429
3021781,0.36414745
3021782,1162.4791
3021783,24.687372
3021784,2535.5698
3021785,2188.8477
3021786,652.07587
3021787,412.68942
3021788,535.2315
3021789,9905.728
3021790,84.39867
3021791,1.1045018
3021792,50.4013
3021793,55.37438
3021794,1.3400446
3021795,440.99988
3021796,17.299723
3021797,18.317326
3021798,4.952549
3021799,214.33119
3021800,9.378544
3021801,1202.7838
3021802,648.4695
3021803,14.520014
3021804,20.265394
3021805,1324.6342
3021806,328.1851
3021807,4424.85
3021808,16.478558
3021809,97.234116
3021810,15.284125
3021811,0.0010054335
3021812,12.0313225
3021813,4850.4795
3021814,0.12476885
3021815,796.0706
3021816,15.274292
3021817,2315.3083
3021818,1480.6385
3021819,818.8477
3021820,176.77585
3021821,409.29956
3021822,8665.141
3021823,42.892647
3021824,1.5026644
3021825,29.223124
3021826,36.7656
3021827,1.3253403
3021828,455.3467
3021829,22.02412
3021830,10.888474
3021831,6.895932
3021832,123.51784
3021833,4.832299
3021834,1162.7035
3021835,757.8597
3021836,14.112779
3021837,16.929031
3021838,1026.035
3021839,175.41377
3021840,2018.8088
3021841,13.384416
3021842,50.60628
3021843,16.140682
3021844,0.0
3021845,12.546581
3021846,6678.7593
3021847,0.35988572
3021848,1126.54
3021849,18.213453
3021850,2344.562
3021851,2053.4402
3021852,647.56024
3021853,357.18802
3021854,438.4064
3021855,9397.672
3021856,66.0365
3021857,1.7992102
3021858,43.48171
3021859,47.87766
3021860,1.8388915
3021861,447.64517
3021862,20.390116
3021863,16.529903
3021864,4.9628077
3021865,169.68053
3021866,7.848174
3021867,901.7135
3021868,719.1531
3021869,14.465699
3021870,19.4899
3021871,1190.0197
3021872,287.66467
3021873,4091.3044
3021874,12.620105
3021875,85.99891
3021876,13.807099
3021877,0.00088135526
3021878,10.834168
3021879,3915.2483
3021880,0.036541045
3021881,716.49567
3021882,15.352631
3021883,2162.8667
3021884,1247.2953
3021885,657.95465
3021886,141.82283
3021887,318.83038
3021888,7777.399
3021889,44.21067
3021890,0.896162
3021891,34.7603
3021892,26.208563
3021893,0.85508764
3021894,418.93634
3021895,17.758112
3021896,6.3686457
3021897,4.9790316
3021898,106.0441
3021899,3.2453053
3021900,982.6021
3021901,724.5102
3021902,10.290973
3021903,14.608479
3021904,911.66595
3021905,131.24344
3021906,1482.0264
3021907,16.86099
3021908,30.127583
3021909,10.706329
3021910,0.0
3021911,8.076295
3021912,5729.099
3021913,0.2807244
3021914,1068.3347
3021915,22.367245
3021916,1731.0851
3021917,1978.5704
3021918,378.04526
3021919,440.85306
3021920,442.33865
3021921,6821.2046
3021922,66.13983
3021923,1.7377304
3021924,42.62984
3021925,27.889393
3021926,1.0249568
3021927,308.0315
3021928,11.467752
3021929,17.30978
3021930,9.143894
3021931,225.8183
3021932,9.008728
3021933,748.2585
3021934,407.45013
3021935,11.116926
3021936,21.81815
3021937,922.41394
3021938,302.9355
3021939,5110.1694
3021940,9.002727
3021941,87.54491
3021942,5.543835
3021943,0.13755763
3021944,5.1966877
3021945,1563.3086
3021946,0.14368607
3021947,386.10867
3021948,16.705242
3021949,986.98206
3021950,534.2513
3021951,247.10251
3021952,111.23549
3021953,164.87733
3021954,3144.0234
3021955,20.141468
3021956,1.0268737
3021957,19.14808
3021958,23.9268
3021959,0.57496375
3021960,152.60597
3021961,9.502308
3021962,2.9477549
3021963,17.880466
3021964,66.24527
3021965,4.169615
3021966,281.27863
3021967,270.5897
3021968,2.047978
3021969,5.1105943
3021970,255.08269
3021971,88.342415
3021972,1054.4692
3021973,0.51722264
3021974,13.212259
3021975,11.699509
3021976,0.0012708381
3021977,7.8593016
3021978,3347.2693
3021979,0.18047744
3021980,585.4221
3021981,23.786716
3021982,1612.339
3021983,1040.2092
3021984,463.33145
3021985,113.81292
3021986,274.0002
3021987,6077.0444
3021988,47.184635
3021989,1.5168946
3021990,52.796745
3021991,47.8352
3021992,0.6335552
3021993,290.06158
3021994,14.204807
3021995,5.3574276
3021996,5.9451385
3021997,114.64989
3021998,4.963616
3021999,600.41565
3022000,500.13577
3022001,6.0274963
3022002,15.285272
3022003,450.137
3022004,120.42581
3022005,1545.6035
3022006,11.388993
3022007,23.414104
3022008,6.964982
3022009,0.00045033172
3022010,4.9493437
3022011,4219.2324
3022012,0.16169357
3022013,872.22925
3022014,10.327648
3022015,1462.499
3022016,1508.4921
3022017,258.34082
3022018,334.5614
3022019,336.59677
3022020,4958.8877
3022021,32.20852
3022022,1.4210862
3022023,22.290817
3022024,21.457018
3022025,1.1120169
3022026,216.04474
3022027,2.7568922
3022028,18.051863
3022029,6.4385333
3022030,162.85834
3022031,6.264906
3022032,636.72986
3022033,290.30765
3022034,11.822281
3022035,7.677429
3022036,880.0634
3022037,167.71552
3022038,3608.7246
3022039,6.4006944
3022040,65.069626
3022041,0.927326
3022042,0.0020304061
3022043,0.587768
3022044,328.96567
3022045,0.0
3022046,59.132465
3022047,0.82495207
3022048,122.86069
3022049,87.450676
3022050,27.818836
3022051,15.145184
3022052,24.910965
3022053,457.05304
3022054,3.5259142
3022055,0.23612523
3022056,4.2124414
3022057,3.8669775
3022058,0.07402261
3022059,27.06376
3022060,0.76336354
3022061,4.8327184
3022062,0.6044071
3022063,14.848108
3022064,0.74419814
3022065,37.096226
3022066,27.875675
3022067,1.0839149
3022068,2.0541708
3022069,36.013023
3022070,9.99345
3022071,354.2187
3022072,1.3646221
3022073,0.7398113
3022074,5.0711656
3022075,0.014980132
3022076,3.6063676
3022077,1334.2897
3022078,0.04947009
3022079,334.5896
3022080,5.6624694
3022081,685.0236
3022082,365.4047
3022083,157.88966
3022084,69.19499
3022085,121.92492
3022086,2044.245
3022087,11.074897
3022088,0.97881633
3022089,15.170178
3022090,14.697476
3022091,0.09471643
3022092,125.03423
3022093,2.8377433
3022094,3.768601
3022095,5.278213
3022096,73.49905
3022097,2.2399428
3022098,179.76851
3022099,187.32089
3022100,2.228844
3022101,3.739533
3022102,147.06133
3022103,53.977715
3022104,1185.3694
3022105,0.7794502
3022106,4.186945
3022107,5.805675
3022108,0.18809624
3022109,0.61210096
3022110,1338.8358
3022111,0.0042740926
3022112,222.07887
3022113,3.1569679
3022114,1059.8069
3022115,190.7907
3022116,189.76353
3022117,73.72148
3022118,35.883465
3022119,2690.2053
3022120,8.088157
3022121,0.71336454
3022122,16.030153
3022123,9.453239
3022124,0.17829044
3022125,143.23552
3022126,0.0
3022127,0.0005854331
3022128,4.254073
3022129,23.533749
3022130,0.48340178
3022131,52.562954
3022132,184.9528
3022133,0.10907086
3022134,2.1074617
3022135,54.321507
3022136,63.14246
3022137,378.13116
3022138,0.6473593
3022139,1.7160276
3022140,5.4145374
3022141,0.007892326
3022142,5.8194594
3022143,3129.0664
3022144,0.048634164
3022145,556.2475
3022146,10.048406
3022147,1244.1882
3022148,989.9044
3022149,347.24368
3022150,204.14053
3022151,229.84024
3022152,4712.948
3022153,35.049644
3022154,0.9432048
3022155,18.762615
3022156,31.811197
3022157,0.39367712
3022158,217.48422
3022159,20.778925
3022160,7.9214272
3022161,7.901162
3022162,94.56116
3022163,3.9031165
3022164,496.93335
3022165,328.13947
3022166,6.316197
3022167,8.321369
3022168,650.0974
3022169,140.27635
3022170,1846.9501
3022171,0.2842537
3022172,43.509464
3022173,4.36948
3022174,0.029386751
3022175,3.696257
3022176,3448.9988
3022177,0.12954679
3022178,657.5954
3022179,12.092926
3022180,1061.9319
3022181,1268.8861
3022182,170.5189
3022183,287.18558
3022184,265.60535
3022185,3785.7769
3022186,40.354362
3022187,2.114221
3022188,15.427854
3022189,14.726091
3022190,0.7877547
3022191,161.42671
3022192,7.807407
3022193,19.676136
3022194,8.78821
3022195,163.48006
3022196,7.0830164
3022197,524.15314
3022198,219.38597
3022199,4.151755
3022200,7.426341
3022201,634.8393
3022202,183.02751
3022203,3560.6914
3022204,0.3358399
3022205,57.916386
3022206,5.3338976
3022207,0.08568632
3022208,7.4123282
3022209,3899.8435
3022210,0.2010072
3022211,770.6805
3022212,15.910414
3022213,1268.3666
3022214,1452.7651
3022215,281.93152
3022216,327.85364
3022217,245.58487
3022218,4782.784
3022219,41.141415
3022220,2.4253938
3022221,31.81518
3022222,27.5401
3022223,1.1857717
3022224,249.60257
3022225,26.79502
3022226,17.427267
3022227,22.032877
3022228,149.95284
3022229,8.766348
3022230,516.6433
3022231,334.0397
3022232,10.894273
3022233,12.074077
3022234,627.6832
3022235,210.0442
3022236,3287.0156
3022237,0.45680052
3022238,55.6181
3022239,14.05838
3022240,0.21691607
3022241,5.5971203
3022242,2857.3945
3022243,0.0
3022244,564.8158
3022245,10.417569
3022246,1744.0481
3022247,776.6527
3022248,596.32495
3022249,198.00682
3022250,131.2584
3022251,6260.8
3022252,11.47924
3022253,1.8695611
3022254,35.58533
3022255,20.952675
3022256,0.3961642
3022257,309.91846
3022258,10.213295
3022259,4.413961
3022260,8.806659
3022261,52.45179
3022262,1.7722765
3022263,378.40125
3022264,451.32806
3022265,3.6353657
3022266,7.344619
3022267,492.0093
3022268,90.433914
3022269,1044.1768
3022270,6.2545333
3022271,16.560862
3022272,3.3341372
3022273,0.004112445
3022274,2.4665399
3022275,1642.6407
3022276,0.13268967
3022277,343.852
3022278,10.806361
3022279,642.207
3022280,645.2519
3022281,124.08771
3022282,140.07817
3022283,133.7539
3022284,2264.3523
3022285,21.781971
3022286,1.5980339
3022287,16.15718
3022288,13.951401
3022289,0.35869586
3022290,108.85639
3022291,10.144001
3022292,9.282236
3022293,6.488909
3022294,102.3233
3022295,3.434377
3022296,315.4743
3022297,132.39584
3022298,3.748987
3022299,5.685789
3022300,294.62817
3022301,82.645065
3022302,1554.2908
3022303,0.18849409
3022304,26.07848
3022305,3.1291604
3022306,0.30106956
3022307,1.3622696
3022308,929.45306
3022309,0.00415121
3022310,113.39404
3022311,2.8125334
3022312,780.2693
3022313,264.09192
3022314,253.38261
3022315,50.5272
3022316,45.799408
3022317,2483.0566
3022318,3.6824272
3022319,0.6919708
3022320,8.000992
3022321,5.81358
3022322,0.18623291
3022323,128.3913
3022324,3.5532246
3022325,0.01771054
3022326,3.1391935
3022327,12.448535
3022328,0.26972932
3022329,184.55707
3022330,180.58937
3022331,0.3602732
3022332,2.4984195
3022333,180.4336
3022334,21.444942
3022335,159.73727
3022336,0.54727006
3022337,2.7864437
3022338,6.7621174
3022339,0.19885005
3022340,4.8423743
3022341,3745.9443
3022342,0.0
3022343,609.93494
3022344,10.928665
3022345,1957.2056
3022346,538.0471
3022347,440.869
3022348,164.90965
3022349,107.25262
3022350,6682.4155
3022351,17.976793
3022352,0.72726417
3022353,25.404797
3022354,14.984691
3022355,0.40923396
3022356,354.78894
3022357,8.443316
3022358,1.6051725
3022359,10.977362
3022360,45.55702
3022361,1.5924826
3022362,620.22833
3022363,397.70242
3022364,1.086045
3022365,8.346243
3022366,523.12384
3022367,56.75755
3022368,844.18475
3022369,4.3460417
3022370,8.426006
3022371,4.8325605
3022372,0.11414774
3022373,0.94716364
3022374,1341.3654
3022375,0.0
3022376,182.49928
3022377,6.6400447
3022378,778.86334
3022379,350.84348
3022380,201.20398
3022381,78.558105
3022382,50.24544
3022383,2523.7812
3022384,6.3390703
3022385,0.9728072
3022386,11.070267
3022387,9.018542
3022388,0.23197994
3022389,120.73091
3022390,1.3932844
3022391,0.011066576
3022392,6.3255315
3022393,39.230656
3022394,0.8086043
3022395,144.76056
3022396,158.54594
3022397,0.5515064
3022398,3.1360838
3022399,186.93579
3022400,34.30666
3022401,218.20563
3022402,0.5764749
3022403,2.6740727
3022404,5.6291223
3022405,0.0
3022406,1.2989918
3022407,1331.6488
3022408,0.0
3022409,160.65266
3022410,4.3938065
3022411,789.41437
3022412,282.13516
3022413,162.45143
3022414,54.56554
3022415,35.23866
3022416,2768.1023
3022417,7.4127855
3022418,0.5212492
3022419,11.619112
3022420,8.707203
3022421,0.1507
3022422,114.85203
3022423,2.9304426
3022424,0.013184419
3022425,2.8675754
3022426,33.142525
3022427,0.4938059
3022428,153.49374
3022429,183.86339
3022430,0.2601091
3022431,2.5416179
3022432,122.93659
3022433,28.418991
3022434,127.28984
3022435,0.44887978
3022436,1.8767114
3022437,3.6938915
3022438,0.007321545
3022439,1.1300424
3022440,999.5782
3022441,0.0
3022442,189.95494
3022443,5.034881
3022444,1095.5796
3022445,369.48578
3022446,228.38655
3022447,37.829777
3022448,64.15369
3022449,2663.5986
3022450,5.9438205
3022451,0.3523438
3022452,13.195814
3022453,13.308387
3022454,0.19163135
3022455,165.06662
3022456,1.0475812
3022457,0.0
3022458,4.5605025
3022459,25.436275
3022460,0.8459042
3022461,292.53497
3022462,278.49954
3022463,0.466482
3022464,3.2060282
3022465,97.64508
3022466,62.754093
3022467,244.60204
3022468,0.36341545
3022469,3.9409645
3022470,2.7021875
3022471,1.0156462
3022472,1.8871962
3022473,1281.6505
3022474,0.000125197
3022475,152.06827
3022476,3.2431846
3022477,880.8279
3022478,317.33786
3022479,277.70404
3022480,81.55765
3022481,67.98994
3022482,2752.6262
3022483,9.59714
3022484,0.9235893
3022485,32.444794
3022486,11.241385
3022487,0.10872267
3022488,158.11151
3022489,6.058355
3022490,0.010030746
3022491,4.8730135
3022492,24.673708
3022493,0.80797267
3022494,126.63892
3022495,183.87749
3022496,0.42484167
3022497,2.874815
3022498,131.05742
3022499,31.71528
3022500,419.44125
3022501,0.44660392
3022502,5.1176715
3022503,5.7684073
3022504,0.09994385
3022505,0.8513473
3022506,1136.4598
3022507,0.0
3022508,201.94609
3022509,3.8573017
3022510,1010.69653
3022511,256.63858
3022512,216.65085
3022513,184.36395
3022514,43.187847
3022515,2573.091
3022516,5.7282453
3022517,0.58974534
3022518,13.632116
3022519,8.305889
3022520,0.12230076
3022521,143.75641
3022522,0.0
3022523,0.017665662
3022524,3.7611694
3022525,36.055775
3022526,0.6236549
3022527,75.38996
3022528,197.0043
3022529,0.27991652
3022530,2.1033103
3022531,95.23953
3022532,41.996296
3022533,398.32037
3022534,1.5147693
3022535,2.5862324
3022536,6.3080053
3022537,0.16856883
3022538,1.8739712
3022539,2509.6252
3022540,0.0044232532
3022541,256.20386
3022542,5.013564
3022543,1080.0409
3022544,572.9386
3022545,436.79572
3022546,188.91965
3022547,100.34738
3022548,3925.668
3022549,8.273658
3022550,0.73493695
3022551,18.145468
3022552,16.793701
3022553,0.1831355
3022554,203.96617
3022555,2.0775218
3022556,0.14127785
3022557,5.512067
3022558,39.772373
3022559,1.349699
3022560,254.90553
3022561,234.63428
3022562,1.0808605
3022563,5.5277543
3022564,310.00476
3022565,66.97178
3022566,808.03796
3022567,0.5819417
3022568,11.320637
3022569,3.788612
3022570,0.10391435
3022571,2.0254614
3022572,1706.0479
3022573,0.0
3022574,654.8349
3022575,5.199584
3022576,603.39716
3022577,490.39365
3022578,208.84036
3022579,164.08463
3022580,57.557434
3022581,2488.3098
3022582,17.004034
3022583,0.98199743
3022584,15.523228
3022585,8.981778
3022586,0.16635469
3022587,116.75247
3022588,6.675104
3022589,1.4507871
3022590,4.133061
3022591,57.678623
3022592,1.2387964
3022593,97.76549
3022594,152.42084
3022595,1.9514391
3022596,4.580711
3022597,201.07861
3022598,50.760666
3022599,937.56396
3022600,1.9705824
3022601,8.983809
3022602,6.7807856
3022603,0.12479215
3022604,1.6492612
3022605,2044.2765
3022606,0.003779512
3022607,180.06673
3022608,5.612143
3022609,946.3081
3022610,306.31192
3022611,284.03845
3022612,67.34653
3022613,64.17957
3022614,3098.8298
3022615,10.009203
3022616,1.2996961
3022617,15.257479
3022618,9.1285715
3022619,0.16774938
3022620,134.38959
3022621,5.710329
3022622,0.01857808
3022623,4.589038
3022624,34.40761
3022625,1.0972208
3022626,142.48999
3022627,191.929
3022628,0.61173826
3022629,3.184468
3022630,128.3203
3022631,34.05059
3022632,284.75708
3022633,0.57761604
3022634,4.2167263
3022635,5.580075
3022636,0.054950643
3022637,4.7660007
3022638,2562.407
3022639,0.15336101
3022640,564.941
3022641,8.552077
3022642,973.4998
3022643,883.993
3022644,248.9498
3022645,187.48093
3022646,164.7177
3022647,3992.8284
3022648,31.978573
3022649,1.2138107
3022650,18.850756
3022651,15.40179
3022652,0.4991499
3022653,190.46509
3022654,18.837433
3022655,8.380751
3022656,8.719507
3022657,88.568565
3022658,4.074551
3022659,507.0718
3022660,269.15747
3022661,5.8568344
3022662,6.1132035
3022663,504.78152
3022664,127.1795
3022665,1768.0521
3022666,0.4856717
3022667,32.720734
3022668,4.8325515
3022669,0.33714473
3022670,3.0827577
3022671,1756.9758
3022672,0.0
3022673,274.5133
3022674,4.333593
3022675,756.7757
3022676,441.16168
3022677,348.88568
3022678,71.7415
3022679,64.400894
3022680,3033.124
3022681,7.5882907
3022682,0.45762408
3022683,16.103016
3022684,9.072382
3022685,0.104482405
3022686,175.35275
3022687,4.4588637
3022688,3.2967975
3022689,2.0082467
3022690,24.954216
3022691,0.6787394
3022692,171.53206
3022693,226.95149
3022694,1.5825181
3022695,2.9505465
3022696,216.91467
3022697,47.14559
3022698,534.5512
3022699,3.117473
3022700,7.384529
3022701,5.011645
3022702,0.31448475
3022703,2.3368032
3022704,1253.6445
3022705,0.0
3022706,236.00143
3022707,3.6293118
3022708,616.38794
3022709,268.78918
3022710,156.19975
3022711,103.5261
3022712,47.316658
3022713,2028.8324
3022714,6.50268
3022715,0.4504567
3022716,16.825298
3022717,14.389313
3022718,0.14936014
3022719,153.88666
3022720,2.5718555
3022721,1.1860231
3022722,4.40983
3022723,32.46527
3022724,1.0204861
3022725,53.896904
3022726,156.24586
3022727,0.9179569
3022728,3.8586764
3022729,83.313576
3022730,49.363503
3022731,610.1659
3022732,2.213013
3022733,2.790748
3022734,2.3137975
3022735,0.12523346
3022736,0.65931624
3022737,543.235
3022738,0.00022494886
3022739,57.41523
3022740,3.8430521
3022741,265.27603
3022742,129.26576
3022743,69.38441
3022744,22.508486
3022745,30.944511
3022746,992.45984
3022747,2.4783363
3022748,0.44197696
3022749,17.170513
3022750,8.074812
3022751,0.14328921
3022752,67.23458
3022753,0.22279988
3022754,0.006117163
3022755,3.0357165
3022756,14.60109
3022757,1.2194552
3022758,44.74359
3022759,67.4872
3022760,0.41028428
3022761,2.3862789
3022762,52.323723
3022763,19.286123
3022764,170.40231
3022765,0.25875434
3022766,0.9124636
3022767,2.3100364
3022768,0.00064579584
3022769,1.6045287
3022770,1213.6973
3022771,0.05331948
3022772,274.57004
3022773,9.3315735
3022774,571.92773
3022775,478.55875
3022776,132.99185
3022777,54.808506
3022778,103.488945
3022779,1998.0121
3022780,24.636534
3022781,0.1409653
3022782,7.2271767
3022783,9.427583
3022784,0.20905836
3022785,93.33844
3022786,7.3051643
3022787,0.97349674
3022788,4.423326
3022789,55.07572
3022790,2.3010547
3022791,628.7314
3022792,141.52617
3022793,1.8721473
3022794,2.693964
3022795,307.5584
3022796,49.93343
3022797,850.039
3022798,0.19007301
3022799,15.361158
3022800,3.2376504
3022801,0.0441238
3022802,5.063412
3022803,2901.0222
3022804,0.14594711
3022805,703.2451
3022806,11.553199
3022807,1103.5972
3022808,1104.3254
3022809,252.81406
3022810,201.99753
3022811,214.72638
3022812,3786.8083
3022813,26.10453
3022814,1.1823596
3022815,16.465994
3022816,30.433985
3022817,0.3701591
3022818,184.33937
3022819,9.094489
3022820,14.047451
3022821,9.029135
3022822,99.94171
3022823,7.0167036
3022824,383.4153
3022825,264.95764
3022826,9.57275
3022827,7.7747345
3022828,500.4594
3022829,127.8076
3022830,2441.8523
3022831,0.59806293
3022832,34.83731
3022833,2.1072304
3022834,0.019206228
3022835,2.367388
3022836,1764.1776
3022837,0.08012113
3022838,286.79288
3022839,4.752636
3022840,457.92126
3022841,474.23404
3022842,124.50291
3022843,104.74128
3022844,173.7469
3022845,1682.2133
3022846,11.635785
3022847,0.89231926
3022848,19.543192
3022849,11.984993
3022850,0.14293826
3022851,70.4318
3022852,0.0022979379
3022853,10.48076
3022854,7.649742
3022855,175.01859
3022856,3.5637717
3022857,197.55902
3022858,105.89996
3022859,2.222306
3022860,3.448418
3022861,158.71072
3022862,50.38583
3022863,929.9125
3022864,0.35606426
3022865,5.360307
3022866,3.5414488
3022867,0.060866572
3022868,0.92887485
3022869,817.86115
3022870,0.008274766
3022871,222.20728
3022872,4.713705
3022873,431.7152
3022874,242.13303
3022875,89.784546
3022876,40.500683
3022877,80.55891
3022878,1608.4178
3022879,4.242517
3022880,0.80800545
3022881,8.24033
3022882,5.715234
3022883,0.2182517
3022884,60.16966
3022885,1.204462
3022886,1.7492759
3022887,3.4340427
3022888,34.59165
3022889,0.23964757
3022890,279.67453
3022891,158.65897
3022892,0.9554249
3022893,1.253912
3022894,161.98038
3022895,17.626472
3022896,359.5851
3022897,0.6149561
3022898,3.395809
3022899,4.971384
3022900,0.055054225
3022901,3.6364217
3022902,2507.2307
3022903,0.06354675
3022904,612.7873
3022905,10.6444845
3022906,804.0276
3022907,824.28754
3022908,254.41557
3022909,212.53276
3022910,166.24509
3022911,3269.5403
3022912,21.649832
3022913,1.7944584
3022914,12.830054
3022915,15.456136
3022916,0.32721505
3022917,144.74367
3022918,4.840956
3022919,14.029965
3022920,5.7861247
3022921,160.75557
3022922,2.3955383
3022923,273.26868
3022924,208.8717
3022925,5.595524
3022926,5.923029
3022927,390.5412
3022928,90.63516
3022929,1772.1393
3022930,0.64294106
3022931,23.98756
3022932,7.19003
3022933,0.027876439
3022934,1.9753424
3022935,2361.9111
3022936,0.0
3022937,574.04767
3022938,8.016019
3022939,1046.9657
3022940,672.88513
3022941,348.14127
3022942,244.5507
3022943,98.797295
3022944,3804.144
3022945,7.270046
3022946,1.2988158
3022947,23.85028
3022948,11.647565
3022949,0.54247665
3022950,181.60521
3022951,0.0
3022952,1.9367899
3022953,7.4900484
3022954,117.732506
3022955,0.71047693
3022956,201.93663
3022957,308.8527
3022958,2.7430453
3022959,3.3925827
3022960,236.38672
3022961,65.84218
3022962,1021.6626
3022963,3.976541
3022964,6.345191
3022965,3.5456302
3022966,0.23947458
3022967,1.671175
3022968,1405.4624
3022969,0.0035185888
3022970,330.72668
3022971,5.3245955
3022972,531.3398
3022973,381.61957
3022974,156.42307
3022975,107.899124
3022976,55.39656
3022977,1977.6201
3022978,5.8764877
3022979,0.6141064
3022980,13.582036
3022981,10.034349
3022982,0.15547366
3022983,125.68835
3022984,0.0023214072
3022985,1.1202788
3022986,2.701333
3022987,66.02697
3022988,0.7480895
3022989,71.384575
3022990,152.65096
3022991,2.297739
3022992,2.8473773
3022993,112.60825
3022994,38.393517
3022995,634.88574
3022996,2.2154086
3022997,3.8583074
3022998,9.468651
3022999,0.42363656
3023000,9.850613
3023001,7000.994
3023002,0.33954725
3023003,1175.4153
3023004,30.682873
3023005,2083.0862
3023006,2107.9285
3023007,397.9421
3023008,524.109
3023009,459.04358
3023010,7847.507
3023011,77.75057
3023012,3.0401351
3023013,47.203182
3023014,37.562763
3023015,1.9264133
3023016,348.6819
3023017,33.10147
3023018,25.459837
3023019,26.759506
3023020,223.76227
3023021,13.037254
3023022,817.93866
3023023,512.51294
3023024,12.560624
3023025,18.913874
3023026,1179.2615
3023027,369.2167
3023028,5489.1255
3023029,0.8005037
3023030,106.01698
3023031,3.187468
3023032,0.07120516
3023033,0.6391045
3023034,970.8237
3023035,0.0
3023036,154.86743
3023037,2.6040277
3023038,486.17786
3023039,232.27365
3023040,107.172646
3023041,124.71597
3023042,60.633366
3023043,1587.8964
3023044,3.472306
3023045,0.9265643
3023046,9.90468
3023047,5.006535
3023048,0.3015288
3023049,81.57541
3023050,0.41864452
3023051,0.0
3023052,4.065285
3023053,54.00247
3023054,0.37291175
3023055,57.82891
3023056,104.945274
3023057,0.9045632
3023058,2.5837798
3023059,101.40992
3023060,23.166637
3023061,335.6799
3023062,0.8485281
3023063,3.418765
3023064,7.7127075
3023065,0.58070546
3023066,2.6670966
3023067,1890.5487
3023068,3.3699907e-05
3023069,474.62946
3023070,5.631376
3023071,1275.4127
3023072,615.611
3023073,253.45026
3023074,249.11664
3023075,112.26421
3023076,4004.1628
3023077,9.517658
3023078,0.7376432
3023079,15.155331
3023080,13.53144
3023081,0.38345385
3023082,200.30595
3023083,1.5366465
3023084,1.2093834
3023085,12.612312
3023086,30.639454
3023087,0.6835179
3023088,313.08893
3023089,299.8337
3023090,1.6065125
3023091,5.0535326
3023092,143.02185
3023093,74.69727
3023094,864.48456
3023095,2.787684
3023096,5.0596957
3023097,1.8236969
3023098,0.04892005
3023099,0.24295865
3023100,628.17523
3023101,0.0
3023102,100.16074
3023103,2.4075725
3023104,452.51892
3023105,150.1305
3023106,98.53918
3023107,141.92073
3023108,29.869352
3023109,1493.1761
3023110,1.6966695
3023111,0.48224312
3023112,7.628768
3023113,2.5340881
3023114,0.16043432
3023115,65.05508
3023116,0.0
3023117,0.005055912
3023118,2.190059
3023119,70.86444
3023120,0.10556048
3023121,58.801685
3023122,98.42579
3023123,0.13861641
3023124,0.8585523
3023125,63.41869
3023126,11.238273
3023127,126.04225
3023128,0.90289086
3023129,1.1942563
3023130,7.9700065
3023131,0.15804376
3023132,1.1254023
3023133,1418.082
3023134,0.0033127442
3023135,279.30255
3023136,5.457688
3023137,1076.3667
3023138,404.55356
3023139,201.48326
3023140,175.66934
3023141,78.10909
3023142,3116.9805
3023143,2.9649458
3023144,0.6983058
3023145,31.98017
3023146,12.450916
3023147,0.17507419
3023148,156.20671
3023149,0.0022132657
3023150,0.035020687
3023151,12.806008
3023152,65.30576
3023153,0.9799054
3023154,255.94458
3023155,241.68477
3023156,0.7104488
3023157,3.2794883
3023158,220.12383
3023159,37.408657
3023160,857.93353
3023161,1.1843784
3023162,1.56971
3023163,3.4268029
3023164,0.19978689
3023165,2.8349283
3023166,2332.3916
3023167,0.00089929625
3023168,685.08014
3023169,7.527944
3023170,919.13715
3023171,597.6205
3023172,252.65022
3023173,118.95549
3023174,133.92917
3023175,3846.7505
3023176,5.515747
3023177,1.8597991
3023178,26.230263
3023179,24.14416
3023180,0.6725978
3023181,162.69418
3023182,3.7077665
3023183,2.1601868
3023184,9.782383
3023185,52.63309
3023186,1.1427326
3023187,184.19334
3023188,319.5138
3023189,1.6818861
3023190,3.998571
3023191,142.0202
3023192,34.573128
3023193,500.7144
3023194,5.015292
3023195,3.1043212
3023196,4.40441
3023197,0.056958284
3023198,0.27264073
3023199,1156.6998
3023200,1.5476486e-05
3023201,92.66973
3023202,1.6724689
3023203,479.75034
3023204,164.65799
3023205,83.53411
3023206,177.40218
3023207,54.688362
3023208,1772.9308
3023209,2.9271579
3023210,0.6147975
3023211,7.7221026
3023212,6.251546
3023213,0.20181625
3023214,69.95647
3023215,0.0023294166
3023216,0.05895455
3023217,1.4625702
3023218,43.625324
3023219,0.2970943
3023220,165.90793
3023221,87.78774
3023222,0.28179362
3023223,0.7613434
3023224,58.72026
3023225,17.5059
3023226,232.58955
3023227,0.82675505
3023228,0.49766546
3023229,3.9307213
3023230,0.04254283
3023231,1.4525661
3023232,2105.6055
3023233,0.0
3023234,490.5143
3023235,5.1324863
3023236,876.14355
3023237,531.2038
3023238,211.19269
3023239,118.14903
3023240,103.8867
3023241,3439.499
3023242,6.2458
3023243,0.5083882
3023244,22.07011
3023245,11.612698
3023246,0.20257027
3023247,151.934
3023248,0.059950344
3023249,8.571024
3023250,3.1607842
3023251,127.363365
3023252,0.6276878
3023253,203.75319
3023254,237.62285
3023255,1.1894534
3023256,3.301806
3023257,122.27197
3023258,52.878475
3023259,940.5265
3023260,5.1068034
3023261,1.0045623
3023262,4.031744
3023263,0.022660399
3023264,4.37226
3023265,2175.0728
3023266,0.16128048
3023267,557.4799
3023268,8.1259985
3023269,1050.5082
3023270,914.00085
3023271,148.81168
3023272,154.67168
3023273,197.94292
3023274,3682.6597
3023275,46.46736
3023276,1.9173479
3023277,22.728165
3023278,16.130272
3023279,0.3372169
3023280,168.89745
3023281,17.37212
3023282,13.109873
3023283,5.7745414
3023284,109.88354
3023285,5.0653253
3023286,249.62003
3023287,257.27258
3023288,6.8361106
3023289,6.8102026
3023290,255.0948
3023291,131.03136
3023292,1959.8169
3023293,0.31268257
3023294,19.986038
3023295,6.6532245
3023296,0.013877288
3023297,5.2166877
3023298,1903.2784
3023299,0.10361001
3023300,541.02264
3023301,9.964037
3023302,1076.377
3023303,842.7421
3023304,169.79387
3023305,119.56572
3023306,212.48877
3023307,3811.534
3023308,26.84087
3023309,1.7404346
3023310,24.499361
3023311,18.711485
3023312,0.14956728
3023313,218.71237
3023314,18.765747
3023315,8.959232
3023316,13.179311
3023317,79.37308
3023318,5.3797703
3023319,185.53761
3023320,365.51926
3023321,4.1451507
3023322,6.3084297
3023323,163.33429
3023324,120.425415
3023325,1539.8585
3023326,0.3604808
3023327,19.579689
3023328,8.954248
3023329,0.2892756
3023330,3.9485898
3023331,2380.9526
3023332,0.0
3023333,717.3633
3023334,7.203244
3023335,1308.449
3023336,539.0703
3023337,190.4801
3023338,408.73248
3023339,94.674126
3023340,4327.87
3023341,28.87382
3023342,1.8255923
3023343,24.168068
3023344,14.613728
3023345,0.42847112
3023346,217.76175
3023347,4.934785
3023348,8.103731
3023349,6.8278646
3023350,65.14639
3023351,2.0447352
3023352,254.60889
3023353,312.27142
3023354,2.90266
3023355,5.809449
3023356,214.69702
3023357,77.747314
3023358,1145.3579
3023359,1.9797145
3023360,10.912479
3023361,4.0530376
3023362,0.0151063735
3023363,4.1512427
3023364,2258.5835
3023365,0.16878912
3023366,412.45032
3023367,6.8721285
3023368,887.7762
3023369,815.1336
3023370,218.2412
3023371,172.24994
3023372,155.93272
3023373,3398.0571
3023374,20.127337
3023375,1.1417605
3023376,14.956547
3023377,9.538286
3023378,0.40452248
3023379,165.5905
3023380,16.302164
3023381,9.674055
3023382,4.0781517
3023383,84.26258
3023384,3.7540324
3023385,368.8532
3023386,231.02101
3023387,4.5751076
3023388,5.7797484
3023389,463.54028
3023390,100.02646
3023391,1681.7874
3023392,0.21666099
3023393,32.95366
3023394,3.9737859
3023395,0.31953505
3023396,1.2147237
3023397,2434.7246
3023398,0.0
3023399,374.83054
3023400,6.0538187
3023401,1425.4521
3023402,492.3992
3023403,258.80264
3023404,146.15253
3023405,73.88068
3023406,4483.242
3023407,8.991259
3023408,1.0514982
3023409,22.970798
3023410,17.004229
3023411,0.22340815
3023412,227.81813
3023413,0.0002600681
3023414,0.1476686
3023415,8.385087
3023416,72.1606
3023417,0.99104273
3023418,116.702484
3023419,294.21716
3023420,1.2075744
3023421,4.4339952
3023422,157.03891
3023423,50.947765
3023424,724.0232
3023425,2.136508
3023426,3.249517
3023427,4.9565053
3023428,0.029986573
3023429,4.492139
3023430,1593.5315
3023431,0.03378476
3023432,431.83875
3023433,7.7767835
3023434,887.2565
3023435,579.77
3023436,199.63289
3023437,119.66036
3023438,187.0294
3023439,2999.7964
3023440,23.285927
3023441,0.8018107
3023442,17.999016
3023443,20.814507
3023444,0.2819208
3023445,153.96707
3023446,8.637118
3023447,10.047783
3023448,8.4239025
3023449,72.30428
3023450,5.960582
3023451,175.02278
3023452,268.54697
3023453,4.880837
3023454,4.9770355
3023455,164.1375
3023456,59.94251
3023457,1247.3248
3023458,0.6032646
3023459,7.8975487
3023460,1.789035
3023461,0.015445006
3023462,2.511344
3023463,1192.8529
3023464,0.19779795
3023465,242.42033
3023466,5.519795
3023467,388.7484
3023468,397.56525
3023469,72.65458
3023470,60.48609
3023471,75.60231
3023472,1478.536
3023473,13.048201
3023474,0.5178299
3023475,9.721506
3023476,12.633613
3023477,0.12302569
3023478,100.646385
3023479,8.696503
3023480,12.006652
3023481,2.121864
3023482,36.71328
3023483,4.0495615
3023484,98.59416
3023485,108.87791
3023486,3.297983
3023487,3.9623122
3023488,109.76068
3023489,36.978004
3023490,1204.6923
3023491,0.2657952
3023492,8.822086
3023493,6.203895
3023494,0.046796292
3023495,1.1918797
3023496,3098.0457
3023497,0.0
3023498,312.0475
3023499,5.72873
3023500,1034.6191
3023501,373.17508
3023502,242.60489
3023503,147.1096
3023504,53.568687
3023505,3403.1921
3023506,4.2473254
3023507,1.1907744
3023508,15.743104
3023509,10.618199
3023510,0.13373843
3023511,147.55957
3023512,0.00363072
3023513,1.0480332
3023514,3.3357882
3023515,89.43514
3023516,1.2612616
3023517,149.62152
3023518,226.33636
3023519,0.70301366
3023520,2.8891025
3023521,175.7137
3023522,62.046482
3023523,523.9862
3023524,1.8691849
3023525,0.7500842
3023526,18.888374
3023527,0.0032167248
3023528,12.023661
3023529,8254.812
3023530,0.3306014
3023531,1411.7175
3023532,24.021343
3023533,2565.7822
3023534,2615.6733
3023535,599.96606
3023536,648.77747
3023537,619.9878
3023538,9891.821
3023539,81.48408
3023540,4.1866984
3023541,85.567375
3023542,64.72174
3023543,1.9380528
3023544,429.95633
3023545,21.445807
3023546,13.24762
3023547,19.221067
3023548,333.99222
3023549,12.254317
3023550,972.94507
3023551,567.7164
3023552,21.746813
3023553,28.364916
3023554,1287.7872
3023555,469.48608
3023556,6832.4126
3023557,18.166557
3023558,122.39877
3023559,15.955742
3023560,0.0018933415
3023561,10.180629
3023562,7008.9043
3023563,0.362153
3023564,1163.7155
3023565,24.65847
3023566,2526.7827
3023567,2189.7483
3023568,650.4054
3023569,412.6195
3023570,534.2978
3023571,9898.723
3023572,84.21814
3023573,1.1019269
3023574,50.78112
3023575,55.207912
3023576,1.335249
3023577,439.23148
3023578,17.272406
3023579,18.471418
3023580,4.975129
3023581,213.17542
3023582,9.290103
3023583,1199.6498
3023584,646.9063
3023585,14.531499
3023586,20.175735
3023587,1323.9285
3023588,327.8503
3023589,4402.6807
3023590,16.432621
3023591,97.05198
3023592,15.281426
3023593,0.0017803423
3023594,12.001258
3023595,4840.762
3023596,0.12815121
3023597,795.9602
3023598,15.261159
3023599,2305.8616
3023600,1479.4412
3023601,818.5887
3023602,176.81749
3023603,408.73645
3023604,8646.241
3023605,42.87647
3023606,1.5164113
3023607,29.164057
3023608,36.529144
3023609,1.3178269
3023610,454.4578
3023611,21.927965
3023612,10.995067
3023613,6.8209195
3023614,123.42382
3023615,4.8222203
3023616,1160.5812
3023617,756.7025
3023618,14.090361
3023619,17.011023
3023620,1025.9396
3023621,174.73326
3023622,2026.9288
3023623,13.379847
3023624,50.49529
3023625,16.108969
3023626,0.0046252385
3023627,12.515727
3023628,6669.693
3023629,0.36575192
3023630,1125.3757
3023631,18.294428
3023632,2342.6274
3023633,2055.0857
3023634,646.5028
3023635,355.8809
3023636,433.69336
3023637,9389.729
3023638,66.06241
3023639,1.829349
3023640,43.355515
3023641,48.112984
3023642,1.8402158
3023643,447.3563
3023644,20.18714
3023645,16.59186
3023646,4.969259
3023647,169.57909
3023648,7.895807
3023649,900.64185
3023650,718.0497
3023651,14.516636
3023652,19.500748
3023653,1186.3363
3023654,287.10944
3023655,4077.477
3023656,12.81787
3023657,85.769966
3023658,13.876105
3023659,0.0
3023660,10.834187
3023661,3914.512
3023662,0.035499573
3023663,717.5491
3023664,15.259445
3023665,2166.028
3023666,1245.9031
3023667,657.8232
3023668,141.44078
3023669,320.67624
3023670,7751.41
3023671,44.223087
3023672,0.8953073
3023673,34.970886
3023674,26.233883
3023675,0.8578661
3023676,418.31097
3023677,17.680122
3023678,6.3677554
3023679,5.012551
3023680,105.42126
3023681,3.2699819
3023682,981.60284
3023683,721.80756
3023684,10.326539
3023685,14.630273
3023686,908.8864
3023687,131.06586
3023688,1483.71
3023689,17.237593
3023690,30.10628
3023691,10.729341
3023692,0.003940992
3023693,8.065505
3023694,5733.52
3023695,0.28140724
3023696,1070.9065
3023697,22.338198
3023698,1729.9188
3023699,1978.2954
3023700,376.78015
3023701,441.00446
3023702,442.85254
3023703,6823.7417
3023704,65.88127
3023705,1.7337208
3023706,42.6117
3023707,27.699217
3023708,1.0285834
3023709,307.16187
3023710,11.436974
3023711,17.292562
3023712,9.155409
3023713,224.61002
3023714,9.065006
3023715,746.07434
3023716,407.83368
3023717,11.060336
3023718,21.826635
3023719,921.288
3023720,302.04303
3023721,5115.023
3023722,9.185494
3023723,87.22812
3023724,5.514085
3023725,0.1330587
3023726,5.1986294
3023727,1565.1941
3023728,0.1452884
3023729,385.48642
3023730,16.64518
3023731,984.5099
3023732,534.21893
3023733,247.00505
3023734,111.06927
3023735,163.27005
3023736,3143.3467
3023737,20.093424
3023738,1.0264956
3023739,19.10768
3023740,23.992966
3023741,0.5733905
3023742,153.27905
3023743,9.47051
3023744,2.98636
3023745,17.7904
3023746,65.8337
3023747,4.149347
3023748,281.0842
3023749,270.77875
3023750,2.0486586
3023751,5.114392
3023752,254.52567
3023753,88.3161
3023754,1057.9921
3023755,0.4965026
3023756,13.171172
3023757,11.670693
3023758,0.0
3023759,7.849603
3023760,3350.8313
3023761,0.1844818
3023762,584.9571
3023763,23.568535
3023764,1609.0638
3023765,1041.1534
3023766,463.20572
3023767,113.985245
3023768,275.05414
3023769,6070.753
3023770,46.893524
3023771,1.5110078
3023772,52.742146
3023773,48.048714
3023774,0.62062186
3023775,289.87695
3023776,14.111798
3023777,5.3563547
3023778,5.9103622
3023779,115.30539
3023780,5.0029116
3023781,599.7169
3023782,499.59293
3023783,6.035283
3023784,15.216261
3023785,448.6228
3023786,120.20705
3023787,1545.3108
3023788,11.470907
3023789,23.409369
3023790,6.9410415
3023791,0.0
3023792,4.933844
3023793,4211.025
3023794,0.1633202
3023795,872.3344
3023796,10.308696
3023797,1460.7876
3023798,1508.767
3023799,257.82108
3023800,334.2619
3023801,336.40543
3023802,4960.8594
3023803,32.258118
3023804,1.424753
3023805,22.621046
3023806,21.232489
3023807,1.1140237
3023808,215.97746
3023809,2.7328873
3023810,18.049309
3023811,6.4600115
3023812,162.20813
3023813,6.267431
3023814,635.88293
3023815,290.55087
3023816,11.889536
3023817,7.664203
3023818,879.86786
3023819,167.8453
3023820,3608.2986
3023821,6.5144877
3023822,64.98761
3023823,0.9151883
3023824,0.0
3023825,0.59728754
3023826,328.0864
3023827,0.0029570423
3023828,59.779633
3023829,0.8515675
3023830,126.91923
3023831,86.12734
3023832,27.364304
3023833,15.619274
3023834,25.00197
3023835,451.00342
3023836,3.4901836
3023837,0.24527606
3023838,4.273941
3023839,3.95407
3023840,0.07404122
3023841,27.878904
3023842,0.7839653
3023843,4.7744174
3023844,0.6009368
3023845,15.486637
3023846,0.7657557
3023847,36.38724
3023848,28.277971
3023849,1.0786572
3023850,2.1071017
3023851,35.753895
3023852,10.057571
3023853,361.93384
3023854,1.3431866
3023855,0.7395393
3023856,5.070008
3023857,0.014781367
3023858,3.613832
3023859,1340.6251
3023860,0.047966015
3023861,335.9379
3023862,5.607906
3023863,683.13086
3023864,367.50687
3023865,156.87697
3023866,69.26754
3023867,120.83423
3023868,2058.8572
3023869,10.984301
3023870,0.97453654
3023871,15.222725
3023872,14.588549
3023873,0.09634287
3023874,124.55074
3023875,2.8433483
3023876,3.8955333
3023877,5.1856976
3023878,73.86001
3023879,2.228981
3023880,179.82391
3023881,187.23521
3023882,2.211099
3023883,3.7125745
3023884,147.53836
3023885,53.714764
3023886,1195.4031
3023887,0.79453605
3023888,4.1934795
3023889,5.7990108
3023890,0.1920016
3023891,0.6080679
3023892,1344.6434
3023893,0.003542453
3023894,221.12416
3023895,3.1633298
3023896,1059.0038
3023897,191.39075
3023898,189.31088
3023899,73.371124
3023900,35.895412
3023901,2690.739
3023902,8.090156
3023903,0.7083459
3023904,16.064217
3023905,9.398527
3023906,0.17932689
3023907,143.43826
3023908,0.0040772483
3023909,0.002854064
3023910,4.2753563
3023911,23.482357
3023912,0.4771644
3023913,52.431755
3023914,185.04518
3023915,0.10967593
3023916,2.1248794
3023917,54.413597
3023918,62.878193
3023919,380.3337
3023920,0.654768
3023921,1.7115088
3023922,5.3989286
3023923,0.008028219
3023924,5.786765
3023925,3126.6487
3023926,0.047784757
3023927,556.1859
3023928,10.015911
3023929,1243.7378
3023930,991.7618
3023931,347.27405
3023932,203.63048
3023933,230.04286
3023934,4704.6675
3023935,35.06479
3023936,0.9515573
3023937,18.71324
3023938,31.420885
3023939,0.39748332
3023940,217.38953
3023941,20.660837
3023942,7.929418
3023943,7.9173727
3023944,94.32647
3023945,3.93242
3023946,497.5409
3023947,327.82715
3023948,6.343564
3023949,8.3147135
3023950,649.09546
3023951,140.39365
3023952,1852.2485
3023953,0.2872649
3023954,43.416206
3023955,4.353848
3023956,0.031841774
3023957,3.6991255
3023958,3442.2197
3023959,0.13096449
3023960,657.56006
3023961,12.016505
3023962,1061.9628
3023963,1266.6136
3023964,170.49799
3023965,286.78854
3023966,265.35706
3023967,3781.4985
3023968,40.261887
3023969,2.1089833
3023970,15.558783
3023971,14.82193
3023972,0.7879773
3023973,161.23622
3023974,7.807513
3023975,19.6344
3023976,8.806368
3023977,163.20937
3023978,7.11836
3023979,523.5136
3023980,219.03365
3023981,4.1359267
3023982,7.408223
3023983,633.8043
3023984,182.73091
3023985,3556.269
3023986,0.33918747
3023987,57.827583
3023988,5.324355
3023989,0.089697294
3023990,7.4558167
3023991,3904.176
3023992,0.20080672
3023993,768.9123
3023994,16.029501
3023995,1266.1853
3023996,1450.6837
3023997,281.91772
3023998,328.11093
3023999,244.81316
3024000,4777.5625
3024001,41.274677
3024002,2.4377253
3024003,32.100983
3024004,27.746855
3024005,1.1924858
3024006,250.84988
3024007,26.689669
3024008,17.543823
3024009,21.987465
3024010,149.48894
3024011,8.859266
3024012,515.91223
3024013,333.6026
3024014,10.855505
3024015,12.089641
3024016,626.5018
3024017,210.03362
3024018,3298.694
3024019,0.45107713
3024020,55.48774
3024021,14.030683
3024022,0.2151945
3024023,5.621756
3024024,2862.5044
3024025,0.0
3024026,563.1527
3024027,10.342297
3024028,1739.1394
3024029,776.25085
3024030,594.8407
3024031,197.99747
3024032,131.26872
3024033,6240.6646
3024034,11.375291
3024035,1.8766186
3024036,35.68435
3024037,21.018648
3024038,0.39420018
3024039,310.08224
3024040,10.20916
3024041,4.440269
3024042,8.843338
3024043,52.51909
3024044,1.7670332
3024045,378.4092
3024046,450.3616
3024047,3.6526847
3024048,7.3274684
3024049,491.37723
3024050,90.648
3024051,1038.4891
3024052,6.179778
3024053,16.532288
3024054,3.346061
3024055,0.004164189
3024056,2.4538212
3024057,1644.3755
3024058,0.13631044
3024059,343.93542
3024060,10.63485
3024061,643.0665
3024062,645.03656
3024063,123.94392
3024064,140.02567
3024065,134.04237
3024066,2263.8477
3024067,21.79246
3024068,1.5869787
3024069,15.840491
3024070,13.904198
3024071,0.3528332
3024072,108.2651
3024073,10.122814
3024074,9.285994
3024075,6.4885836
3024076,101.97233
3024077,3.4786294
3024078,315.38623
3024079,132.22276
3024080,3.718361
3024081,5.7121277
3024082,294.65933
3024083,82.61196
3024084,1557.9816
3024085,0.18629414
3024086,26.107626
3024087,3.1238928
3024088,0.2958376
3024089,1.3552716
3024090,927.80273
3024091,0.0
3024092,113.184105
3024093,2.8256195
3024094,782.6938
3024095,263.50485
3024096,253.67204
3024097,50.744602
3024098,45.801064
3024099,2479.5322
3024100,3.6599665
3024101,0.691336
3024102,7.888564
3024103,5.81837
3024104,0.18208402
3024105,128.81882
3024106,3.4991667
3024107,0.018743178
3024108,3.1488986
3024109,12.42643
3024110,0.26661068
3024111,184.82004
3024112,180.4673
3024113,0.35450056
3024114,2.495182
3024115,180.4199
3024116,21.42545
3024117,160.46414
3024118,0.5402713
3024119,2.8044775
3024120,6.7560463
3024121,0.20349456
3024122,4.854428
3024123,3743.2273
3024124,0.002820503
3024125,609.8437
3024126,10.868342
3024127,1955.4086
3024128,537.0662
3024129,441.1849
3024130,165.8291
3024131,107.34697
3024132,6677.6094
3024133,17.960155
3024134,0.71902853
3024135,25.182634
3024136,14.933837
3024137,0.41111708
3024138,354.8982
3024139,8.35844
3024140,1.6225281
3024141,10.987134
3024142,45.027184
3024143,1.570654
3024144,621.24866
3024145,397.81635
3024146,1.0818967
3024147,8.364102
3024148,522.4982
3024149,57.08189
3024150,845.534
3024151,4.3585844
3024152,8.392802
3024153,4.83597
3024154,0.114169344
3024155,0.95578086
3024156,1341.2925
3024157,0.00033584423
3024158,182.28625
3024159,6.550137
3024160,777.33307
3024161,350.5586
3024162,201.20056
3024163,77.58332
3024164,49.809986
3024165,2530.034
3024166,6.3252544
3024167,0.9781712
3024168,11.174053
3024169,8.957127
3024170,0.22889058
3024171,121.495834
3024172,1.3834137
3024173,0.011083768
3024174,6.341099
3024175,39.073498
3024176,0.79806936
3024177,146.0609
3024178,158.63358
3024179,0.55526567
3024180,3.1698256
3024181,187.15273
3024182,34.49089
3024183,218.29787
3024184,0.61284333
3024185,2.6747384
3024186,5.6322494
3024187,0.0016540661
3024188,1.3012687
3024189,1332.9583
3024190,0.002930183
3024191,160.2517
3024192,4.4282813
3024193,789.86115
3024194,282.08914
3024195,162.1463
3024196,54.929974
3024197,35.26076
3024198,2768.4468
3024199,7.3931413
3024200,0.53641695
3024201,11.558501
3024202,8.768349
3024203,0.14898041
3024204,115.26834
3024205,2.9409115
3024206,0.013281641
3024207,2.855038
3024208,33.375095
3024209,0.49311742
3024210,153.15646
3024211,183.71072
3024212,0.2613098
3024213,2.5378335
3024214,122.796715
3024215,28.274376
3024216,126.59295
3024217,0.45078576
3024218,1.8824693
3024219,3.6888976
3024220,0.0069443197
3024221,1.13237
3024222,1000.5388
3024223,0.00010236632
3024224,189.4818
3024225,4.9993997
3024226,1094.6433
3024227,369.21976
3024228,227.66603
3024229,37.81154
3024230,65.27863
3024231,2664.5864
3024232,5.928742
3024233,0.35231102
3024234,13.191423
3024235,13.357194
3024236,0.18895431
3024237,165.13213
3024238,1.0334208
3024239,0.00035008788
3024240,4.604357
3024241,25.418665
3024242,0.85252225
3024243,293.32446
3024244,277.608
3024245,0.4660312
3024246,3.174545
3024247,97.35099
3024248,62.616028
3024249,246.07234
3024250,0.37042996
3024251,3.9340887
3024252,2.6966822
3024253,1.0169535
3024254,1.9032952
3024255,1281.7129
3024256,0.00014708564
3024257,152.12962
3024258,3.2529438
3024259,882.2765
3024260,317.11536
3024261,277.9286
3024262,81.47147
3024263,67.78912
3024264,2751.0322
3024265,9.586941
3024266,0.9299899
3024267,31.97844
3024268,11.203154
3024269,0.1094043
3024270,157.79291
3024271,6.0166025
3024272,0.0100758765
3024273,4.867149
3024274,24.697397
3024275,0.80263245
3024276,126.5304
3024277,184.29074
3024278,0.42689553
3024279,2.8670392
3024280,131.01782
3024281,31.61571
3024282,419.36642
3024283,0.4778414
3024284,5.135283
3024285,5.7913265
3024286,0.100520134
3024287,0.85465115
3024288,1132.9598
3024289,2.7029659e-05
3024290,201.96681
3024291,3.9049122
3024292,1011.1706
3024293,256.30807
3024294,216.52382
3024295,184.7198
3024296,43.38989
3024297,2569.8152
3024298,5.728383
3024299,0.5865559
3024300,13.514714
3024301,8.280432
3024302,0.12573217
3024303,144.83813
3024304,8.27536e-05
3024305,0.01751652
3024306,3.7578287
3024307,35.961758
3024308,0.61868554
3024309,75.43542
3024310,197.50864
3024311,0.28473082
3024312,2.1124306
3024313,95.27875
3024314,42.02399
3024315,398.46
3024316,1.4842182
3024317,2.5905395
3024318,6.2878423
3024319,0.16823196
3024320,1.8680986
3024321,2505.8533
3024322,0.0
3024323,255.98651
3024324,5.028755
3024325,1079.3523
3024326,572.4001
3024327,436.65918
3024328,189.02919
3024329,100.28141
3024330,3916.816
3024331,8.328835
3024332,0.74530447
3024333,18.198442
3024334,16.973368
3024335,0.18076265
3024336,204.73862
3024337,2.0736039
3024338,0.13544618
3024339,5.5593305
3024340,39.748726
3024341,1.3546703
3024342,256.00034
3024343,234.0562
3024344,1.0901974
3024345,5.5207934
3024346,309.3069
3024347,67.136475
3024348,802.6176
3024349,0.59268886
3024350,11.2252035
3024351,3.807579
3024352,0.10227967
3024353,2.0263414
3024354,1707.9619
3024355,0.0
3024356,654.3534
3024357,4.992966
3024358,603.29114
3024359,490.22354
3024360,208.78365
3024361,164.18353
3024362,57.533947
3024363,2485.4363
3024364,16.929491
3024365,0.97564816
3024366,15.393781
3024367,8.962821
3024368,0.16666578
3024369,116.258194
3024370,6.6906085
3024371,1.4940686
3024372,4.140302
3024373,57.68268
3024374,1.236153
3024375,97.874535
3024376,152.50177
3024377,1.9635066
3024378,4.558984
3024379,201.53331
3024380,50.752953
3024381,938.9968
3024382,2.009882
3024383,9.014815
3024384,6.786308
3024385,0.12635325
3024386,1.6418554
3024387,2039.4751
3024388,0.0044324026
3024389,179.78554
3024390,5.6243234
3024391,944.6287
3024392,306.65738
3024393,284.00717
3024394,67.47861
3024395,63.96654
3024396,3090.3096
3024397,10.054685
3024398,1.2971313
3024399,15.375639
3024400,9.13495
3024401,0.16702116
3024402,134.63603
3024403,5.6782594
3024404,0.02019732
3024405,4.5958123
3024406,34.22454
3024407,1.0942895
3024408,142.69826
3024409,192.04823
3024410,0.61489105
3024411,3.1545367
3024412,128.10579
3024413,33.855816
3024414,284.23233
3024415,0.57310754
3024416,4.220339
3024417,5.5759134
3024418,0.052979447
3024419,4.75603
3024420,2558.7566
3024421,0.14716674
3024422,564.77856
3024423,8.572283
3024424,973.8422
3024425,884.05597
3024426,248.98984
3024427,187.5424
3024428,166.41273
3024429,4059.0452
3024430,32.01697
3024431,1.189159
3024432,18.776619
3024433,15.582183
3024434,0.49472353
3024435,189.86469
3024436,18.772194
3024437,8.404679
3024438,8.7069
3024439,88.66343
3024440,4.0732746
3024441,507.46307
3024442,269.96274
3024443,5.8259134
3024444,6.1276684
3024445,504.1668
3024446,127.03649
3024447,1770.5029
3024448,0.4928633
3024449,32.683647
3024450,4.835183
3024451,0.33119068
3024452,3.0715406
3024453,1763.2795
3024454,0.00049874187
3024455,276.78598
3024456,4.2576113
3024457,751.73175
3024458,436.69125
3024459,349.79138
3024460,71.50009
3024461,63.672478
3024462,3035.9138
3024463,7.5855207
3024464,0.45994815
3024465,16.153908
3024466,9.059319
3024467,0.106938526
3024468,174.484
3024469,4.421098
3024470,3.3337724
3024471,2.011881
3024472,25.148643
3024473,0.6772514
3024474,172.49176
3024475,226.48941
3024476,1.5761704
3024477,2.9646876
3024478,217.81215
3024479,47.469463
3024480,536.3885
3024481,3.2449822
3024482,7.363295
3024483,5.000524
3024484,0.30938765
3024485,2.3406436
3024486,1242.5518
3024487,0.0006478708
3024488,234.48662
3024489,3.6027627
3024490,618.19995
3024491,268.76
3024492,154.5697
3024493,104.387726
3024494,47.669315
3024495,2015.8335
3024496,6.5645847
3024497,0.45125195
3024498,16.910841
3024499,14.219559
3024500,0.15112455
3024501,154.95117
3024502,2.567747
3024503,1.2095294
3024504,4.4156384
3024505,32.615696
3024506,1.0292645
3024507,53.799175
3024508,155.72122
3024509,0.9237772
3024510,3.8614492
3024511,83.27396
3024512,49.354584
3024513,612.542
3024514,2.1775043
3024515,2.7925966
3024516,2.334829
3024517,0.12662856
3024518,0.66669625
3024519,541.10583
3024520,0.0
3024521,57.676613
3024522,3.8648403
3024523,265.26794
3024524,128.51855
3024525,69.23928
3024526,22.591257
3024527,31.6399
3024528,1000.5022
3024529,2.5228477
3024530,0.44772214
3024531,16.92823
3024532,8.088078
3024533,0.14480744
3024534,66.9666
3024535,0.2232102
3024536,0.009012765
3024537,3.0170035
3024538,14.723594
3024539,1.1946851
3024540,44.866413
3024541,67.40094
3024542,0.41314295
3024543,2.376903
3024544,52.70098
3024545,19.28162
3024546,170.27214
3024547,0.26499888
3024548,0.91105837
3024549,2.2729576
3024550,1.0724645e-05
3024551,1.5880576
3024552,1215.0869
3024553,0.054193325
3024554,274.40747
3024555,9.31458
3024556,572.4281
3024557,478.66772
3024558,132.9336
3024559,54.638084
3024560,102.523994
3024561,1994.9382
3024562,24.585255
3024563,0.1421377
3024564,7.1764297
3024565,9.575037
3024566,0.21130647
3024567,93.30698
3024568,7.236256
3024569,0.9897656
3024570,4.395748
3024571,55.231503
3024572,2.2853966
3024573,631.04663
3024574,141.77927
3024575,1.8954012
3024576,2.6721616
3024577,307.09793
3024578,49.986443
3024579,848.4774
3024580,0.18947224
3024581,15.355573
3024582,3.218649
3024583,0.044642232
3024584,5.038968
3024585,2896.2542
3024586,0.14535832
3024587,701.58887
3024588,11.569473
3024589,1101.1947
3024590,1102.4414
3024591,252.36165
3024592,201.58241
3024593,215.6885
3024594,3781.2444
3024595,26.657598
3024596,1.180473
3024597,16.39845
3024598,30.467173
3024599,0.36838612
3024600,184.29378
3024601,9.1050415
3024602,14.088013
3024603,9.054574
3024604,100.21764
3024605,7.0049963
3024606,383.25058
3024607,264.98904
3024608,9.5713215
3024609,7.770461
3024610,500.96283
3024611,127.57633
3024612,2428.2397
3024613,0.57902235
3024614,34.774624
3024615,2.117181
3024616,0.018919531
3024617,2.3966558
3024618,1767.7776
3024619,0.07788499
3024620,287.32718
3024621,4.7513657
3024622,458.04816
3024623,477.2415
3024624,124.624466
3024625,104.71616
3024626,175.41235
3024627,1682.6833
3024628,11.707484
3024629,0.8907728
3024630,19.643162
3024631,11.985853
3024632,0.14106807
3024633,70.95933
3024634,0.0
3024635,10.500336
3024636,7.7206945
3024637,176.31218
3024638,3.5279799
3024639,197.7472
3024640,106.33273
3024641,2.2230961
3024642,3.4796515
3024643,158.39421
3024644,50.422897
3024645,932.68884
3024646,0.361192
3024647,5.3857594
3024648,3.5319078
3024649,0.06602287
3024650,0.92498296
3024651,813.8941
3024652,0.008498103
3024653,222.71712
3024654,4.690421
3024655,432.04083
3024656,243.62276
3024657,89.60679
3024658,40.47889
3024659,79.99212
3024660,1606.8188
3024661,4.2910457
3024662,0.7983963
3024663,8.196123
3024664,5.7293
3024665,0.21871865
3024666,59.98545
3024667,1.2032973
3024668,1.7451001
3024669,3.4702713
3024670,34.212696
3024671,0.24531414
3024672,280.802
3024673,159.4625
3024674,0.9618639
3024675,1.2560906
3024676,162.08182
3024677,17.637905
3024678,359.46646
3024679,0.59331393
3024680,3.3942676
3024681,4.953586
3024682,0.058040123
3024683,3.6445446
3024684,2501.6929
3024685,0.062191762
3024686,613.76904
3024687,10.672388
3024688,802.092
3024689,822.96594
3024690,254.372
3024691,212.34444
3024692,166.58607
3024693,3265.634
3024694,21.747261
3024695,1.794656
3024696,12.73562
3024697,15.250295
3024698,0.33412632
3024699,144.7945
3024700,4.8222713
3024701,14.101345
3024702,5.8011746
3024703,160.34052
3024704,2.4012914
3024705,273.57675
3024706,209.01343
3024707,5.591831
3024708,5.880999
3024709,391.39203
3024710,90.50259
3024711,1764.8301
3024712,0.6483679
3024713,23.965975
3024714,7.2173653
3024715,0.027732635
3024716,1.9841604
3024717,2351.8555
3024718,0.0
3024719,575.2419
3024720,8.046885
3024721,1047.1865
3024722,672.72974
3024723,348.221
3024724,244.70248
3024725,98.80043
3024726,3798.3264
3024727,7.25542
3024728,1.2702903
3024729,23.879055
3024730,11.722685
3024731,0.5400935
3024732,181.21112
3024733,0.0008487962
3024734,1.94866
3024735,7.5099425
3024736,118.28281
3024737,0.70199347
3024738,202.4088
3024739,306.74
3024740,2.7459862
3024741,3.3768024
3024742,236.10574
3024743,66.03715
3024744,1015.1475
3024745,3.9192524
3024746,6.4116974
3024747,3.5636551
3024748,0.23951077
3024749,1.6700237
3024750,1392.3037
3024751,0.0037335455
3024752,328.80893
3024753,5.2598805
3024754,530.5887
3024755,381.53174
3024756,157.31633
3024757,107.388054
3024758,55.28485
3024759,1981.7534
3024760,5.8546424
3024761,0.61339754
3024762,13.633247
3024763,10.022093
3024764,0.15516655
3024765,124.749344
3024766,0.00024108216
3024767,1.144382
3024768,2.6963804
3024769,67.2299
3024770,0.7313538
3024771,71.18584
3024772,152.25188
3024773,2.3030252
3024774,2.8087747
3024775,111.99825
3024776,38.370564
3024777,639.1625
3024778,2.2084427
3024779,3.8557317
3024780,9.503152
3024781,0.42107052
3024782,9.845325
3024783,6987.0776
3024784,0.34477186
3024785,1173.8745
3024786,30.996832
3024787,2078.4368
3024788,2103.6616
3024789,397.40436
3024790,524.13074
3024791,461.8126
3024792,7851.6406
3024793,77.76651
3024794,3.0490534
3024795,46.893543
3024796,37.611923
3024797,1.9278672
3024798,347.4518
3024799,33.316402
3024800,25.276525
3024801,26.669548
3024802,224.40097
3024803,12.919656
3024804,817.73816
3024805,512.3008
3024806,12.497347
3024807,18.955383
3024808,1181.2223
3024809,368.93207
3024810,5493.4673
3024811,0.8067368
3024812,105.948
3024813,3.1706426
3024814,0.07057806
3024815,0.63526756
3024816,969.8914
3024817,0.0
3024818,155.26685
3024819,2.611743
3024820,488.64685
3024821,232.44014
3024822,107.44384
3024823,125.17287
3024824,61.056618
3024825,1585.3008
3024826,3.4551778
3024827,0.9174471
3024828,9.873938
3024829,5.0108953
3024830,0.29473674
3024831,81.18232
3024832,0.43512833
3024833,3.563799e-05
3024834,4.068029
3024835,54.22532
3024836,0.37905866
3024837,57.887955
3024838,105.00993
3024839,0.9038039
3024840,2.5836134
3024841,101.3501
3024842,23.131151
3024843,333.9727
3024844,0.86222494
3024845,3.389096
3024846,7.723598
3024847,0.5829635
3024848,2.6527183
3024849,1897.6748
3024850,0.0006037243
3024851,474.28455
3024852,5.6614223
3024853,1271.697
3024854,615.78894
3024855,253.66095
3024856,249.30794
3024857,113.34474
3024858,4013.1123
3024859,9.529866
3024860,0.7259398
3024861,15.232473
3024862,13.510982
3024863,0.38150358
3024864,199.5894
3024865,1.5432678
3024866,1.2321275
3024867,12.631608
3024868,30.684624
3024869,0.6895556
3024870,313.117
3024871,299.37146
3024872,1.5842316
3024873,5.011789
3024874,143.38348
3024875,74.713005
3024876,866.9996
3024877,2.6755798
3024878,5.1062555
3024879,1.8306384
3024880,0.046718635
3024881,0.24348733
3024882,629.1158
3024883,0.00013580639
3024884,100.29704
3024885,2.4370363
3024886,451.82477
3024887,150.30286
3024888,98.526985
3024889,141.9742
3024890,30.001741
3024891,1486.2424
3024892,1.6951942
3024893,0.4817503
3024894,7.6653566
3024895,2.5331085
3024896,0.16024268
3024897,65.247696
3024898,6.935187e-05
3024899,0.0044438457
3024900,2.1785686
3024901,71.099655
3024902,0.1043956
3024903,58.86907
3024904,98.37176
3024905,0.13807623
3024906,0.8534409
3024907,63.36262
3024908,11.223026
3024909,125.70625
3024910,0.8657486
3024911,1.1989398
3024912,7.902313
3024913,0.16153814
3024914,1.1198156
3024915,1422.1003
3024916,0.0011939965
3024917,278.845
3024918,5.406639
3024919,1076.4697
3024920,404.23297
3024921,201.95012
3024922,176.02724
3024923,78.08451
3024924,3110.7266
3024925,2.9699793
3024926,0.69726
3024927,31.839796
3024928,12.425234
3024929,0.17504977
3024930,155.49182
3024931,0.0
3024932,0.030568236
3024933,12.839118
3024934,65.71538
3024935,0.9667032
3024936,256.54437
3024937,241.13666
3024938,0.7094604
3024939,3.2712948
3024940,219.81734
3024941,37.43375
3024942,860.90155
3024943,1.1488845
3024944,1.5731913
3024945,3.4025981
3024946,0.20119195
3024947,2.8336368
3024948,2325.5547
3024949,0.0
3024950,684.22974
3024951,7.4631367
3024952,919.514
3024953,598.5301
3024954,253.09572
3024955,119.49122
3024956,134.12192
3024957,3843.5496
3024958,5.5234966
3024959,1.8454257
3024960,26.464043
3024961,24.15954
3024962,0.6714518
3024963,162.9584
3024964,3.6881576
3024965,2.2095761
3024966,9.820385
3024967,52.447453
3024968,1.140275
3024969,184.0113
3024970,320.583
3024971,1.6938766
3024972,4.0121965
3024973,142.24736
3024974,34.586025
3024975,502.63742
3024976,5.077689
3024977,3.111161
3024978,4.428113
3024979,0.05771024
3024980,0.27518618
3024981,1155.546
3024982,0.0014799051
3024983,92.751366
3024984,1.6678743
3024985,480.356
3024986,165.2365
3024987,83.57626
3024988,178.89963
3024989,54.28198
3024990,1770.1401
3024991,2.9285638
3024992,0.6157682
3024993,7.7696877
3024994,6.219178
3024995,0.20509093
3024996,69.78578
3024997,0.0
3024998,0.060606092
3024999,1.4588501
3025000,44.3036
3025001,0.29724443
3025002,165.73653
3025003,87.9158
3025004,0.28351936
3025005,0.7557912
3025006,58.61342
3025007,17.593948
3025008,234.01173
3025009,0.776947
3025010,0.5078719
3025011,3.9384255
3025012,0.0412056
3025013,1.4458169
3025014,2106.3506
3025015,0.0
3025016,489.89142
3025017,5.146327
3025018,876.0283
3025019,530.8947
3025020,211.8283
3025021,118.21794
3025022,105.541275
3025023,3426.7517
3025024,6.275336
3025025,0.51930904
3025026,21.990305
3025027,11.521731
3025028,0.20097087
3025029,151.86162
3025030,0.05924418
3025031,8.62854
3025032,3.1512513
3025033,128.80396
3025034,0.6218032
3025035,204.09734
3025036,238.1548
3025037,1.1957937
3025038,3.2681298
3025039,122.32015
3025040,52.890366
3025041,938.6804
3025042,5.0800576
3025043,1.0175366
3025044,4.035702
3025045,0.022576049
3025046,4.4065003
3025047,2179.4375
3025048,0.16042341
3025049,556.87506
3025050,8.214716
3025051,1050.0992
3025052,913.706
3025053,148.87752
3025054,154.47716
3025055,197.98666
3025056,3677.3052
3025057,46.446423
3025058,1.9270271
3025059,22.63328
3025060,16.458385
3025061,0.33217412
3025062,168.24449
3025063,17.337917
3025064,13.158258
3025065,5.775788
3025066,109.53767
3025067,5.0638127
3025068,249.82303
3025069,257.00516
3025070,6.8597293
3025071,6.780253
3025072,254.72014
3025073,130.91457
3025074,1963.751
3025075,0.31364495
3025076,20.014174
3025077,6.6675973
3025078,0.01601474
3025079,5.2208996
3025080,1904.965
3025081,0.09904073
3025082,541.3406
3025083,10.066937
3025084,1075.5995
3025085,843.9155
3025086,169.47932
3025087,119.35149
3025088,212.08626
3025089,3810.7908
3025090,26.94261
3025091,1.7519492
3025092,24.391085
3025093,18.81642
3025094,0.1520602
3025095,219.27805
3025096,18.728998
3025097,8.999634
3025098,13.199515
3025099,79.894714
3025100,5.3394637
3025101,185.5609
3025102,365.96588
3025103,4.1334715
3025104,6.3217483
3025105,163.26607
3025106,120.27476
3025107,1538.0409
3025108,0.36765406
3025109,19.617777
3025110,8.915522
3025111,0.27997193
3025112,3.9217167
3025113,2386.7698
3025114,0.0
3025115,717.393
3025116,7.1770544
3025117,1310.6665
3025118,539.6344
3025119,190.45634
3025120,407.53238
3025121,93.7143
3025122,4326.4287
3025123,28.863682
3025124,1.8217344
3025125,24.198223
3025126,14.640154
3025127,0.42442706
3025128,216.9775
3025129,4.8978815
3025130,8.097397
3025131,6.830968
3025132,65.54556
3025133,2.040816
3025134,234.65735
3025135,311.60822
3025136,2.8976521
3025137,5.813854
3025138,214.38676
3025139,77.88837
3025140,1143.813
3025141,1.9920347
3025142,10.902435
3025143,4.055708
3025144,0.014402156
3025145,4.165074
3025146,2261.4712
3025147,0.17124334
3025148,411.837
3025149,6.819065
3025150,887.65186
3025151,813.7788
3025152,218.29416
3025153,171.96275
3025154,155.81505
3025155,3397.8147
3025156,20.137362
3025157,1.1357749
3025158,14.891211
3025159,9.576414
3025160,0.40112865
3025161,164.54424
3025162,16.308895
3025163,9.6176
3025164,4.023313
3025165,84.76015
3025166,3.740537
3025167,368.11865
3025168,231.0039
3025169,4.566898
3025170,5.792263
3025171,463.06
3025172,99.86835
3025173,1683.5145
3025174,0.22341886
3025175,32.843765
3025176,3.965614
3025177,0.32064548
3025178,1.212805
3025179,2434.45
3025180,0.0
3025181,374.29343
3025182,6.0545945
3025183,1426.6471
3025184,492.54462
3025185,258.98178
3025186,146.12918
3025187,74.051285
3025188,4479.9966
3025189,8.976959
3025190,1.0455707
3025191,23.081654
3025192,17.025307
3025193,0.22105043
3025194,226.41132
3025195,0.0
3025196,0.14185914
3025197,8.341906
3025198,71.79375
3025199,0.9804998
3025200,116.82472
3025201,293.84088
3025202,1.2211952
3025203,4.476934
3025204,157.01572
3025205,50.96314
3025206,720.30945
3025207,2.1329699
3025208,3.2195258
3025209,4.9580674
3025210,0.030242926
3025211,4.5080895
3025212,1595.122
3025213,0.03236293
3025214,432.72897
3025215,7.830765
3025216,888.8284
3025217,580.17163
3025218,199.31079
3025219,119.8887
3025220,185.31049
3025221,2994.4932
3025222,23.30205
3025223,0.8030755
3025224,18.150967
3025225,20.909235
3025226,0.2883994
3025227,154.0921
3025228,8.633713
3025229,10.102887
3025230,8.436387
3025231,72.91278
3025232,5.9456415
3025233,175.42168
3025234,268.98718
3025235,4.886288
3025236,4.974103
3025237,164.23546
3025238,59.94003
3025239,1247.8064
3025240,0.5814435
3025241,7.9069047
3025242,1.7959746
3025243,0.014571986
3025244,2.523093
3025245,1186.9037
3025246,0.19244017
3025247,242.26079
3025248,5.515527
3025249,388.81357
3025250,394.2546
3025251,73.10403
3025252,60.502182
3025253,75.50686
3025254,1480.6112
3025255,13.107766
3025256,0.5100691
3025257,9.865193
3025258,12.482466
3025259,0.11706865
3025260,100.03349
3025261,8.661061
3025262,12.056226
3025263,2.0997696
3025264,37.070667
3025265,4.029064
3025266,98.99499
3025267,107.999275
3025268,3.2811413
3025269,3.921974
3025270,109.689766
3025271,37.06872
3025272,1201.3994
3025273,0.26424307
3025274,8.814219
3025275,6.199198
3025276,0.049810555
3025277,1.1914963
3025278,3099.9854
3025279,0.0
3025280,312.12222
3025281,5.77849
3025282,1033.4258
3025283,374.04456
3025284,243.05287
3025285,147.39024
3025286,53.310364
3025287,3397.8098
3025288,4.2707434
3025289,1.1831162
3025290,15.818804
3025291,10.554545
3025292,0.1363381
3025293,147.94281
3025294,0.0
3025295,1.0747534
3025296,3.308801
3025297,88.87609
3025298,1.2712704
3025299,149.96613
3025300,226.2286
3025301,0.71078974
3025302,2.8705883
3025303,177.98122
3025304,62.002266
3025305,521.4618
3025306,1.7912829
3025307,0.7545608
3025308,18.92864
3025309,0.0022496842
3025310,12.061772
3025311,8227.251
3025312,0.3326887
3025313,1411.3615
3025314,23.959066
3025315,2562.3474
3025316,2611.2615
3025317,599.9135
3025318,649.0628
3025319,622.55725
3025320,9859.253
3025321,81.387535
3025322,4.193994
3025323,86.506584
3025324,64.727036
3025325,1.9205513
3025326,429.37598
3025327,21.351416
3025328,13.274402
3025329,19.24818
3025330,335.57782
3025331,12.205982
3025332,970.5967
3025333,566.6289
3025334,21.848213
3025335,28.18112
3025336,1291.865
3025337,469.81268
3025338,6804.092
3025339,18.890226
3025340,122.38846
3025341,15.967385
3025342,0.0032046624
3025343,10.174738
3025344,7006.098
3025345,0.36826774
3025346,1160.9438
3025347,24.732342
3025348,2532.4504
3025349,2190.238
3025350,649.46234
3025351,412.80627
3025352,538.26917
3025353,9901.666
3025354,84.27317
3025355,1.1033119
3025356,50.75747
3025357,54.646843
3025358,1.3463447
3025359,437.78494
3025360,17.15616
3025361,18.4368
3025362,4.953115
3025363,212.97954
3025364,9.349752
3025365,1203.3065
3025366,648.14545
3025367,14.478761
3025368,20.123703
3025369,1326.1304
3025370,328.21332
3025371,4414.813
3025372,16.93647
3025373,96.93255
3025374,15.315352
3025375,0.0
3025376,12.028575
3025377,4847.566
3025378,0.123470485
3025379,794.7957
3025380,15.225161
3025381,2305.276
3025382,1482.5701
3025383,818.7054
3025384,176.92224
3025385,407.01083
3025386,8650.145
3025387,42.89077
3025388,1.5010992
3025389,29.17512
3025390,36.753426
3025391,1.3190049
3025392,456.59335
3025393,21.94193
3025394,10.969136
3025395,6.8502436
3025396,122.91874
3025397,4.8347287
3025398,1163.37
3025399,755.46155
3025400,14.00173
3025401,17.027285
3025402,1026.4581
3025403,174.94363
3025404,2022.1528
3025405,13.640467
3025406,50.418728
3025407,16.110191
3025408,4.494167e-05
3025409,12.495957
3025410,6666.9165
3025411,0.36457506
3025412,1125.8618
3025413,18.293398
3025414,2341.6936
3025415,2053.9453
3025416,647.7087
3025417,355.6844
3025418,437.52338
3025419,9374.458
3025420,66.15286
3025421,1.811061
3025422,43.170403
3025423,47.70268
3025424,1.8411034
3025425,449.24182
3025426,20.282509
3025427,16.63293
3025428,4.989097
3025429,170.69109
3025430,7.80683
3025431,900.1549
3025432,718.8075
3025433,14.501096
3025434,19.364853
3025435,1187.6687
3025436,287.2455
3025437,4067.6377
3025438,12.93167
3025439,85.89777
3025440,13.790175
3025441,0.0
3025442,10.802603
3025443,3899.804
3025444,0.037381213
3025445,716.4127
3025446,15.295556
3025447,2165.3406
3025448,1249.6882
3025449,658.5848
3025450,141.8534
3025451,317.56955
3025452,7761.642
3025453,44.170902
3025454,0.893758
3025455,34.736267
3025456,26.29053
3025457,0.8692879
3025458,418.90884
3025459,17.77133
3025460,6.432677
3025461,4.9312363
3025462,105.785515
3025463,3.2043335
3025464,982.3011
3025465,724.16693
3025466,10.270809
3025467,14.589395
3025468,910.39417
3025469,131.37927
3025470,1476.2692
3025471,17.546463
3025472,30.10172
3025473,10.683763
3025474,0.00013456494
3025475,8.078164
3025476,5740.566
3025477,0.2911677
3025478,1068.9019
3025479,22.259306
3025480,1726.4176
3025481,1978.4843
3025482,377.42303
3025483,440.7981
3025484,440.78424
3025485,6812.647
3025486,66.096535
3025487,1.7503388
3025488,42.186844
3025489,27.83019
3025490,1.0181586
3025491,307.68796
3025492,11.514162
3025493,17.376095
3025494,9.177384
3025495,224.96445
3025496,9.040177
3025497,747.9369
3025498,406.52234
3025499,11.068187
3025500,21.667358
3025501,921.73517
3025502,302.60797
3025503,5106.33
3025504,9.359887
3025505,87.44014
3025506,5.526302
3025507,0.13381076
3025508,5.178107
3025509,1564.272
3025510,0.14442134
3025511,385.70123
3025512,16.73129
3025513,985.6345
3025514,533.7485
3025515,247.13312
3025516,110.99101
3025517,163.50067
3025518,3144.9353
3025519,20.214844
3025520,1.0215182
3025521,19.171389
3025522,24.056372
3025523,0.5835408
3025524,153.19827
3025525,9.415551
3025526,2.989662
3025527,17.924372
3025528,65.995285
3025529,4.189339
3025530,281.27374
3025531,270.77255
3025532,2.0496662
3025533,5.1158013
3025534,255.12764
3025535,88.64425
3025536,1057.1285
3025537,0.5059576
3025538,13.192498
3025539,11.687448
3025540,0.001219742
3025541,7.84641
3025542,3347.0334
3025543,0.18315116
3025544,584.7825
3025545,23.633476
3025546,1608.111
3025547,1041.7743
3025548,462.89246
3025549,113.78949
3025550,274.43887
3025551,6066.3105
3025552,47.34418
3025553,1.5215694
3025554,52.81109
3025555,48.165733
3025556,0.63075304
3025557,288.14493
3025558,14.1898365
3025559,5.451334
3025560,5.9028826
3025561,115.7302
3025562,4.934871
3025563,600.32697
3025564,498.90842
3025565,6.0101604
3025566,15.124693
3025567,449.0676
3025568,120.485146
3025569,1550.1635
3025570,11.659872
3025571,23.409126
3025572,6.9482646
3025573,0.0
3025574,4.926771
3025575,4214.7417
3025576,0.16632515
3025577,870.61334
3025578,10.344683
3025579,1461.539
3025580,1509.0468
3025581,258.19687
3025582,334.33212
3025583,337.53146
3025584,4955.7817
3025585,32.296917
3025586,1.4312452
3025587,22.525887
3025588,21.34469
3025589,1.1173879
3025590,216.0982
3025591,2.728703
3025592,18.18378
3025593,6.4114547
3025594,162.2816
3025595,6.2408
3025596,636.9038
3025597,290.12076
3025598,11.8698015
3025599,7.6163096
3025600,878.8101
3025601,167.4877
3025602,3607.5312
3025603,6.507817
3025604,64.993004
3025605,0.94877595
3025606,0.0
3025607,0.6040419
3025608,340.7538
3025609,0.0005829325
3025610,61.604164
3025611,0.83902514
3025612,126.545784
3025613,88.42113
3025614,27.894403
3025615,15.535951
3025616,25.644909
3025617,462.0732
3025618,3.5460722
3025619,0.25182322
3025620,4.2863855
3025621,3.870819
3025622,0.07372694
3025623,27.439201
3025624,0.7980015
3025625,4.9727373
3025626,0.6308473
3025627,15.718754
3025628,0.7911576
3025629,36.876904
3025630,28.695448
3025631,1.0829239
3025632,2.0878284
3025633,36.41236
3025634,9.852425
3025635,359.81027
3025636,1.4070085
3025637,0.77374184
3025638,5.1219044
3025639,0.0150011135
3025640,3.5886562
3025641,1335.7803
3025642,0.04742057
3025643,335.02258
3025644,5.673325
3025645,681.89606
3025646,365.68167
3025647,157.58147
3025648,69.348206
3025649,121.98149
3025650,2051.0383
3025651,11.073688
3025652,0.9828111
3025653,15.1516075
3025654,14.65198
3025655,0.09677194
3025656,125.21739
3025657,2.8758962
3025658,3.864867
3025659,5.2210503
3025660,73.51501
3025661,2.2416348
3025662,179.5026
3025663,188.54913
3025664,2.2216349
3025665,3.736684
3025666,148.3318
3025667,54.08243
3025668,1186.5609
3025669,0.8004106
3025670,4.188192
3025671,5.823971
3025672,0.19124
3025673,0.6037594
3025674,1347.1135
3025675,0.0
3025676,221.9216
3025677,3.1627023
3025678,1057.1136
3025679,191.16776
3025680,189.27733
3025681,73.567795
3025682,35.76563
3025683,2687.1243
3025684,8.0907
3025685,0.7080849
3025686,16.015362
3025687,9.357891
3025688,0.17788142
3025689,143.07211
3025690,0.0
3025691,0.0
3025692,4.2835274
3025693,23.402193
3025694,0.48890853
3025695,52.48353
3025696,184.28798
3025697,0.10997855
3025698,2.1162286
3025699,54.42367
3025700,63.074608
3025701,379.22815
3025702,0.6511239
3025703,1.7240794
3025704,5.454118
3025705,0.008286232
3025706,5.792411
3025707,3124.0657
3025708,0.04607727
3025709,556.1473
3025710,10.016564
3025711,1241.0614
3025712,991.2655
3025713,347.46497
3025714,204.13289
3025715,229.88109
3025716,4699.4434
3025717,34.97029
3025718,0.94951856
3025719,18.677423
3025720,31.631485
3025721,0.39391747
3025722,216.23018
3025723,20.562119
3025724,7.93134
3025725,7.9049635
3025726,94.98811
3025727,3.9316907
3025728,497.0489
3025729,327.48395
3025730,6.3318753
3025731,8.302048
3025732,649.0373
3025733,140.28233
3025734,1838.9254
3025735,0.27722177
3025736,43.514214
3025737,4.3413973
3025738,0.029427236
3025739,3.6881564
3025740,3442.5776
3025741,0.13319169
3025742,657.348
3025743,12.142507
3025744,1062.4619
3025745,1266.4978
3025746,170.52844
3025747,286.99448
3025748,265.55765
3025749,3786.1506
3025750,40.382828
3025751,2.1261659
3025752,15.470707
3025753,14.7858715
3025754,0.7813879
3025755,161.62668
3025756,7.7993207
3025757,19.715437
3025758,8.850847
3025759,162.87364
3025760,7.1062045
3025761,522.4623
3025762,218.89789
3025763,4.1097026
3025764,7.3953123
3025765,634.6461
3025766,182.71507
3025767,3559.871
3025768,0.34512657
3025769,58.010254
3025770,5.333675
3025771,0.08882925
3025772,7.4255843
3025773,3899.9214
3025774,0.20131762
3025775,769.5224
3025776,15.899786
3025777,1265.1685
3025778,1450.9216
3025779,281.5968
3025780,327.344
3025781,244.98447
3025782,4775.182
3025783,41.25024
3025784,2.429002
3025785,32.16169
3025786,27.63445
3025787,1.1884252
3025788,250.0794
3025789,26.662264
3025790,17.680286
3025791,22.058441
3025792,149.44064
3025793,8.78238
3025794,516.96423
3025795,334.70218
3025796,10.894861
3025797,12.022838
3025798,627.0903
3025799,210.2053
3025800,3278.3567
3025801,0.45677048
3025802,55.400635
3025803,14.0269575
3025804,0.21337074
3025805,5.608969
3025806,2859.4836
3025807,0.0
3025808,563.4796
3025809,10.329639
3025810,1739.7328
3025811,779.00867
3025812,595.93256
3025813,197.9785
3025814,131.41685
3025815,6259.3267
3025816,11.380854
3025817,1.8772997
3025818,35.62135
3025819,20.966206
3025820,0.38996977
3025821,310.14526
3025822,10.134716
3025823,4.4489026
3025824,8.860651
3025825,52.529278
3025826,1.7475557
3025827,378.5131
3025828,450.18243
3025829,3.6292243
3025830,7.291411
3025831,492.27844
3025832,90.536644
3025833,1039.1517
3025834,6.421433
3025835,16.586462
3025836,3.353266
3025837,0.0025804415
3025838,2.4830816
3025839,1639.2412
3025840,0.1319489
3025841,344.48602
3025842,10.667985
3025843,642.28143
3025844,644.3841
3025845,123.95492
3025846,139.84328
3025847,133.80406
3025848,2258.227
3025849,21.661226
3025850,1.6019412
3025851,16.067945
3025852,13.848931
3025853,0.35257074
3025854,108.46711
3025855,10.152092
3025856,9.318581
3025857,6.4526873
3025858,102.6214
3025859,3.4529555
3025860,315.33542
3025861,132.03157
3025862,3.762474
3025863,5.6700463
3025864,295.61523
3025865,82.670815
3025866,1562.8303
3025867,0.18356292
3025868,26.065083
3025869,3.0892103
3025870,0.29052955
3025871,1.3754014
3025872,931.46344
3025873,0.0
3025874,113.35349
3025875,2.8009126
3025876,780.3122
3025877,264.1314
3025878,253.57225
3025879,50.272053
3025880,45.579296
3025881,2478.5881
3025882,3.7161064
3025883,0.6928779
3025884,8.01968
3025885,5.812301
3025886,0.18139383
3025887,129.16954
3025888,3.5045233
3025889,0.015914846
3025890,3.1798742
3025891,12.564466
3025892,0.26262605
3025893,184.15155
3025894,180.3652
3025895,0.3552618
3025896,2.5033076
3025897,180.64597
3025898,21.45608
3025899,160.58525
3025900,0.55616695
3025901,2.7841167
3025902,6.7668295
3025903,0.2028493
3025904,4.849027
3025905,3759.183
3025906,0.0
3025907,609.78326
3025908,10.894049
3025909,1961.3895
3025910,538.9345
3025911,440.94476
3025912,164.44794
3025913,106.80767
3025914,6692.346
3025915,18.047174
3025916,0.72631824
3025917,25.272392
3025918,14.880137
3025919,0.40159112
3025920,353.12076
3025921,8.444029
3025922,1.6341928
3025923,10.971752
3025924,45.93733
3025925,1.5909528
3025926,620.9369
3025927,397.25192
3025928,1.088115
3025929,8.337197
3025930,521.7987
3025931,57.09921
3025932,852.0899
3025933,4.2967496
3025934,8.412051
3025935,4.819152
3025936,0.11238766
3025937,0.957006
3025938,1341.6213
3025939,0.0030761585
3025940,182.25003
3025941,6.6537094
3025942,776.90753
3025943,351.04333
3025944,201.065
3025945,78.0129
3025946,50.127483
3025947,2526.1565
3025948,6.3476424
3025949,0.9819901
3025950,11.113492
3025951,8.954565
3025952,0.2352849
3025953,120.88195
3025954,1.3838999
3025955,0.009745966
3025956,6.3632865
3025957,39.084953
3025958,0.80078924
3025959,146.5918
3025960,158.8023
3025961,0.54633063
3025962,3.1578674
3025963,188.23734
3025964,34.37028
3025965,219.08496
3025966,0.59556484
3025967,2.6925313
3025968,5.636773
3025969,0.00090175867
3025970,1.3023463
3025971,1336.9723
3025972,0.0
3025973,161.06645
3025974,4.4331965
3025975,789.42615
3025976,282.7988
3025977,162.19142
3025978,54.400753
3025979,35.358406
3025980,2772.79
3025981,7.444557
3025982,0.5457468
3025983,11.612989
3025984,8.748088
3025985,0.15338914
3025986,114.98851
3025987,2.9348416
3025988,0.012325655
3025989,2.8632684
3025990,33.560093
3025991,0.49625808
3025992,153.70166
3025993,183.57455
3025994,0.25522313
3025995,2.5549486
3025996,122.74876
3025997,28.359148
3025998,127.82906
3025999,0.46131608
3026000,1.8805726
3026001,3.6984332
3026002,0.0075437482
3026003,1.1489094
3026004,999.68884
3026005,0.0
3026006,189.35823
3026007,4.981545
3026008,1093.9839
3026009,370.30923
3026010,228.28587
3026011,37.877678
3026012,64.42607
3026013,2670.3987
3026014,5.9846287
3026015,0.35448724
3026016,13.297831
3026017,13.310637
3026018,0.18875548
3026019,165.76772
3026020,1.027458
3026021,0.0006413907
3026022,4.57065
3026023,25.442156
3026024,0.85424334
3026025,292.60254
3026026,278.03708
3026027,0.46959478
3026028,3.1714396
3026029,97.65703
3026030,62.61064
3026031,245.6494
3026032,0.36090836
3026033,3.9416354
3026034,2.70418
3026035,1.039463
3026036,1.8931952
3026037,1286.3586
3026038,0.0
3026039,152.20746
3026040,3.2841454
3026041,879.86383
3026042,316.94174
3026043,277.90698
3026044,81.413216
3026045,67.802315
3026046,2752.3098
3026047,9.595015
3026048,0.9224892
3026049,32.029667
3026050,11.211869
3026051,0.11052762
3026052,158.60869
3026053,6.065785
3026054,0.009794992
3026055,4.9071326
3026056,24.709606
3026057,0.80384815
3026058,126.771164
3026059,184.19746
3026060,0.42840657
3026061,2.8821623
3026062,131.73578
3026063,31.633377
3026064,419.3714
3026065,0.47971106
3026066,5.1140666
3026067,5.7622585
3026068,0.10010468
3026069,0.85286915
3026070,1132.1504
3026071,0.0035159886
3026072,202.19492
3026073,3.9221191
3026074,1003.85986
3026075,256.97287
3026076,216.50235
3026077,184.80315
3026078,43.21925
3026079,2573.864
3026080,5.813146
3026081,0.5926904
3026082,13.546223
3026083,8.368699
3026084,0.12280244
3026085,144.60835
3026086,0.0
3026087,0.016982218
3026088,3.7787275
3026089,35.849228
3026090,0.62467384
3026091,75.26278
3026092,197.09201
3026093,0.28617388
3026094,2.1050224
3026095,95.53535
3026096,42.101048
3026097,398.46997
3026098,1.5325325
3026099,2.588567
3026100,6.283898
3026101,0.16530374
3026102,1.8826823
3026103,2499.159
3026104,6.924104e-05
3026105,256.2422
3026106,4.9820485
3026107,1080.3582
3026108,574.0515
3026109,436.9473
3026110,189.01054
3026111,100.55363
3026112,3917.6216
3026113,8.377387
3026114,0.7472139
3026115,18.26426
3026116,16.844707
3026117,0.18596499
3026118,203.4769
3026119,2.0611296
3026120,0.13048169
3026121,5.51929
3026122,40.020866
3026123,1.3430647
3026124,255.45499
3026125,234.05939
3026126,1.0823303
3026127,5.499915
3026128,309.98175
3026129,67.12295
3026130,808.4593
3026131,0.61429197
3026132,11.214975
3026133,3.8149657
3026134,0.10113266
3026135,2.0206645
3026136,1702.9012
3026137,1.0936521e-05
3026138,653.03094
3026139,5.139209
3026140,604.7394
3026141,489.72165
3026142,208.8242
3026143,163.94049
3026144,57.88972
3026145,2486.8809
3026146,17.021727
3026147,0.9666007
3026148,15.613221
3026149,9.004925
3026150,0.16669221
3026151,116.56198
3026152,6.7032127
3026153,1.4756614
3026154,4.121863
3026155,58.16874
3026156,1.2411134
3026157,97.67104
3026158,152.66002
3026159,1.9670672
3026160,4.587488
3026161,200.78314
3026162,50.658592
3026163,939.0612
3026164,2.075265
3026165,8.963728
3026166,6.7748923
3026167,0.12443106
3026168,1.6544075
3026169,2039.4713
3026170,0.0
3026171,179.78459
3026172,5.6301117
3026173,944.27783
3026174,306.92737
3026175,283.96906
3026176,67.26806
3026177,64.51109
3026178,3095.6294
3026179,10.091813
3026180,1.2998118
3026181,15.350194
3026182,9.161345
3026183,0.173303
3026184,134.47018
3026185,5.707595
3026186,0.015093779
3026187,4.624887
3026188,34.478382
3026189,1.089599
3026190,142.62299
3026191,192.3378
3026192,0.6040586
3026193,3.1555698
3026194,127.60109
3026195,33.982983
3026196,284.5477
3026197,0.59453183
3026198,4.231498
3026199,5.5735946
3026200,0.053028334
3026201,4.7878146
3026202,2556.7344
3026203,0.14684331
3026204,565.36743
3026205,8.501218
3026206,972.4599
3026207,884.9291
3026208,249.28683
3026209,187.72357
3026210,166.2851
3026211,3990.0012
3026212,32.053505
3026213,1.1952729
3026214,18.999699
3026215,15.493328
3026216,0.49674773
3026217,190.63655
3026218,18.884615
3026219,8.403389
3026220,8.727123
3026221,88.687
3026222,4.0892
3026223,507.02292
3026224,269.25336
3026225,5.8450794
3026226,6.1570835
3026227,504.61053
3026228,126.94345
3026229,1777.3555
3026230,0.49962482
3026231,32.81573
3026232,4.8556395
3026233,0.33640158
3026234,3.033107
3026235,1756.9248
3026236,0.0
3026237,276.9231
3026238,4.3244686
3026239,754.5543
3026240,439.58893
3026241,349.9994
3026242,71.479225
3026243,64.32166
3026244,3050.4175
3026245,7.5871663
3026246,0.46030307
3026247,16.213512
3026248,9.073524
3026249,0.10751657
3026250,174.62001
3026251,4.410882
3026252,3.2945886
3026253,2.0250952
3026254,25.042767
3026255,0.6811456
3026256,172.24031
3026257,224.83356
3026258,1.5911448
3026259,2.9740283
3026260,217.61388
3026261,47.173367
3026262,537.4671
3026263,3.2902007
3026264,7.362904
3026265,5.0071616
3026266,0.31415483
3026267,2.3326843
3026268,1252.9977
3026269,0.0
3026270,235.14326
3026271,3.6271737
3026272,614.66174
3026273,269.52963
3026274,154.68675
3026275,104.82477
3026276,47.3721
3026277,2022.0769
3026278,6.561764
3026279,0.45215783
3026280,17.03142
3026281,14.3347225
3026282,0.14691955
3026283,153.83345
3026284,2.5745683
3026285,1.2184004
3026286,4.4623895
3026287,32.648594
3026288,1.0236495
3026289,54.032948
3026290,156.02876
3026291,0.9186616
3026292,3.8164692
3026293,83.10218
3026294,49.68141
3026295,609.6572
3026296,2.253598
3026297,2.811296
3026298,2.329894
3026299,0.12153858
3026300,0.6683415
3026301,547.0814
3026302,0.0
3026303,57.32323
3026304,3.9094987
3026305,265.66946
3026306,129.26904
3026307,69.2752
3026308,22.48555
3026309,31.288866
3026310,1000.9172
3026311,2.4729571
3026312,0.4462259
3026313,17.253557
3026314,8.056751
3026315,0.14498527
3026316,67.384895
3026317,0.21914506
3026318,0.008446522
3026319,3.0412817
3026320,14.797462
3026321,1.2044218
3026322,43.954845
3026323,68.32708
3026324,0.41226825
3026325,2.413797
3026326,52.9159
3026327,19.258518
3026328,169.8466
3026329,0.26145026
3026330,0.9123894
3026331,2.2808645
3026332,0.0020911954
3026333,1.59227
3026334,1216.5488
3026335,0.054854088
3026336,274.70444
3026337,9.441868
3026338,571.76465
3026339,479.5092
3026340,133.25246
3026341,54.68715
3026342,103.22008
3026343,1998.8585
3026344,24.567938
3026345,0.14313464
3026346,7.24293
3026347,9.639286
3026348,0.20925109
3026349,93.26544
3026350,7.313475
3026351,0.97383535
3026352,4.406582
3026353,55.66305
3026354,2.2872725
3026355,630.0548
3026356,141.71109
3026357,1.8799663
3026358,2.6723447
3026359,308.27734
3026360,49.872795
3026361,850.72943
3026362,0.18805905
3026363,15.308196
3026364,3.2320936
3026365,0.045299426
3026366,5.0407367
3026367,2894.1252
3026368,0.13845597
3026369,701.7534
3026370,11.5965
3026371,1100.6349
3026372,1105.0211
3026373,252.8244
3026374,201.77097
3026375,214.1836
3026376,3776.2712
3026377,25.069662
3026378,1.1741772
3026379,16.569767
3026380,30.377268
3026381,0.36747202
3026382,183.72026
3026383,9.042081
3026384,14.08054
3026385,9.060023
3026386,100.3982
3026387,6.9925637
3026388,384.95294
3026389,264.85327
3026390,9.5596
3026391,7.7524133
3026392,501.24063
3026393,127.711876
3026394,2427.9578
3026395,0.58526397
3026396,34.775967
3026397,2.1373901
3026398,0.020180443
3026399,2.39427
3026400,1765.5332
3026401,0.076946
3026402,286.98587
3026403,4.7698083
3026404,458.8744
3026405,475.9294
3026406,124.96645
3026407,105.316795
3026408,176.47794
3026409,1688.5771
3026410,11.737021
3026411,0.89254165
3026412,19.304455
3026413,12.116466
3026414,0.14344682
3026415,70.59882
3026416,0.0
3026417,10.52577
3026418,7.7226453
3026419,175.84215
3026420,3.58147
3026421,198.92319
3026422,106.252945
3026423,2.2337787
3026424,3.4588568
3026425,159.29666
3026426,50.70709
3026427,936.5989
3026428,0.35387525
3026429,5.36823
3026430,3.575293
3026431,0.061901126
3026432,0.933186
3026433,815.9006
3026434,0.008467049
3026435,222.6027
3026436,4.7581615
3026437,432.2221
3026438,243.85727
3026439,89.85157
3026440,40.486538
3026441,81.19554
3026442,1609.553
3026443,4.2621074
3026444,0.8080643
3026445,8.232136
3026446,5.7386
3026447,0.21987472
3026448,60.26317
3026449,1.2016584
3026450,1.7757427
3026451,3.4367356
3026452,35.129124
3026453,0.2441237
3026454,279.3893
3026455,159.48059
3026456,0.9625718
3026457,1.2599568
3026458,162.8009
3026459,17.65027
3026460,358.87332
3026461,0.60686916
3026462,3.405767
3026463,4.9614773
3026464,0.055145573
3026465,3.6156218
3026466,2504.351
3026467,0.06284532
3026468,612.80756
3026469,10.639852
3026470,802.7083
3026471,825.9703
3026472,254.5779
3026473,212.40404
3026474,166.92303
3026475,3259.5986
3026476,21.703682
3026477,1.8035008
3026478,12.727017
3026479,15.279254
3026480,0.33327898
3026481,144.05309
3026482,4.867898
3026483,14.1281
3026484,5.801734
3026485,161.596
3026486,2.4067104
3026487,273.41925
3026488,209.06152
3026489,5.6295304
3026490,5.9081764
3026491,391.7294
3026492,90.63084
3026493,1772.8253
3026494,0.6769563
3026495,23.835173
3026496,7.2026677
3026497,0.026981745
3026498,1.9717234
3026499,2363.2517
3026500,0.0006772727
3026501,574.0238
3026502,8.026466
3026503,1045.9115
3026504,673.6911
3026505,347.55872
3026506,244.11287
3026507,98.44665
3026508,3810.2056
3026509,7.365413
3026510,1.2684169
3026511,24.05549
3026512,11.711001
3026513,0.5453722
3026514,180.81712
3026515,0.0
3026516,1.9103259
3026517,7.5082855
3026518,118.04287
3026519,0.6989956
3026520,202.09523
3026521,307.60098
3026522,2.7290418
3026523,3.3892736
3026524,236.43095
3026525,66.00781
3026526,1019.6044
3026527,3.856593
3026528,6.3460374
3026529,3.5171132
3026530,0.23913659
3026531,1.6780337
3026532,1401.0867
3026533,0.0
3026534,328.92987
3026535,5.2792854
3026536,534.40857
3026537,383.23633
3026538,156.66605
3026539,107.79272
3026540,55.349686
3026541,1972.041
3026542,5.8738837
3026543,0.6250872
3026544,13.640412
3026545,9.966765
3026546,0.15643957
3026547,125.45852
3026548,0.0
3026549,1.1389717
3026550,2.691567
3026551,67.786705
3026552,0.7333143
3026553,71.71067
3026554,152.75664
3026555,2.326448
3026556,2.8185313
3026557,112.71265
3026558,38.487064
3026559,635.3311
3026560,2.161782
3026561,3.8741972
3026562,9.495466
3026563,0.427964
3026564,9.867845
3026565,6994.618
3026566,0.33601767
3026567,1174.9509
3026568,30.815895
3026569,2078.1948
3026570,2107.3955
3026571,398.0761
3026572,523.8582
3026573,459.56818
3026574,7845.03
3026575,77.7664
3026576,3.0524948
3026577,47.346066
3026578,37.50164
3026579,1.9234067
3026580,349.49475
3026581,33.158382
3026582,25.35842
3026583,26.643282
3026584,225.65051
3026585,12.981352
3026586,820.42017
3026587,514.1152
3026588,12.626999
3026589,18.981201
3026590,1185.1282
3026591,368.427
3026592,5505.9224
3026593,0.80785924
3026594,106.24345
3026595,3.1529293
3026596,0.06790787
3026597,0.6315914
3026598,972.0687
3026599,0.0
3026600,154.85909
3026601,2.6327274
3026602,489.72372
3026603,232.05307
3026604,107.43462
3026605,124.44652
3026606,61.290524
3026607,1584.6296
3026608,3.407739
3026609,0.91619295
3026610,9.927684
3026611,5.023915
3026612,0.29825437
3026613,81.24464
3026614,0.42917863
3026615,0.0
3026616,4.0994444
3026617,54.807545
3026618,0.37859753
3026619,57.913013
3026620,104.779915
3026621,0.8886378
3026622,2.6003852
3026623,101.3805
3026624,23.12318
3026625,334.93546
3026626,0.8714481
3026627,3.3970625
3026628,7.747388
3026629,0.5854103
3026630,2.664298
3026631,1892.1924
3026632,0.00042713806
3026633,473.99185
3026634,5.6506815
3026635,1273.7672
3026636,617.13824
3026637,253.36862
3026638,249.33589
3026639,113.42881
3026640,4006.521
3026641,9.545025
3026642,0.7228736
3026643,15.130434
3026644,13.543207
3026645,0.37931958
3026646,199.72676
3026647,1.552628
3026648,1.2245198
3026649,12.57979
3026650,30.774614
3026651,0.69147205
3026652,312.9175
3026653,299.84103
3026654,1.5901302
3026655,5.0021267
3026656,143.85468
3026657,74.617226
3026658,868.52356
3026659,2.7368276
3026660,5.07733
3026661,1.822313
3026662,0.0431196
3026663,0.24655971
3026664,630.3289
3026665,0.0002100598
3026666,100.43791
3026667,2.4459445
3026668,451.68594
3026669,150.28946
3026670,98.34256
3026671,142.23892
3026672,29.782951
3026673,1493.2008
3026674,1.7013328
3026675,0.48162687
3026676,7.658783
3026677,2.5480328
3026678,0.16093467
3026679,65.1122
3026680,0.0027324818
3026681,0.005602341
3026682,2.1830857
3026683,71.805885
3026684,0.103434056
3026685,58.72071
3026686,98.38524
3026687,0.13535851
3026688,0.85707945
3026689,63.500042
3026690,11.222034
3026691,125.87373
3026692,0.86224115
3026693,1.2049176
3026694,7.9561405
3026695,0.1579539
3026696,1.1170375
3026697,1418.1294
3026698,0.0
3026699,279.17136
3026700,5.385601
3026701,1076.5339
3026702,404.2858
3026703,201.67702
3026704,175.92052
3026705,78.92763
3026706,3112.0227
3026707,3.0002816
3026708,0.6923869
3026709,31.876215
3026710,12.541968
3026711,0.17658949
3026712,156.23863
3026713,0.0
3026714,0.033962823
3026715,12.845886
3026716,65.8141
3026717,0.9731638
3026718,255.80331
3026719,241.10837
3026720,0.71187466
3026721,3.286859
3026722,220.61809
3026723,37.404003
3026724,862.054
3026725,1.1458546
3026726,1.5786141
3026727,3.413314
3026728,0.20017096
3026729,2.8303356
3026730,2327.8376
3026731,0.0
3026732,684.58167
3026733,7.4583354
3026734,920.30804
3026735,598.2669
3026736,252.9051
3026737,119.76725
3026738,134.00894
3026739,3854.2207
3026740,5.4986715
3026741,1.8556986
3026742,26.48516
3026743,24.195417
3026744,0.6760068
3026745,162.52655
3026746,3.6905215
3026747,2.1836712
3026748,9.836262
3026749,52.700733
3026750,1.1535777
3026751,183.79883
3026752,320.25223
3026753,1.6787962
3026754,4.0180974
3026755,142.2211
3026756,34.511234
3026757,500.651
3026758,4.9924293
3026759,3.094324
3026760,4.4418607
3026761,0.055882055
3026762,0.27152336
3026763,1159.3093
3026764,0.0
3026765,92.901085
3026766,1.6816791
3026767,481.32077
3026768,165.58513
3026769,83.60329
3026770,178.42688
3026771,55.24361
3026772,1783.0529
3026773,2.9393523
3026774,0.62540734
3026775,7.7276645
3026776,6.3194647
3026777,0.20655009
3026778,69.86205
3026779,0.0018805899
3026780,0.052257087
3026781,1.4810987
3026782,44.683807
3026783,0.30050564
3026784,165.94838
3026785,87.99058
3026786,0.28399673
3026787,0.7610712
3026788,58.788525
3026789,17.629528
3026790,234.67714
3026791,0.81422216
3026792,0.5038083
3026793,3.9398346
3026794,0.041935913
3026795,1.4600425
3026796,2108.2593
3026797,0.0
3026798,490.41858
3026799,5.1643686
3026800,878.4101
3026801,532.6165
3026802,211.50978
3026803,118.30649
3026804,106.29025
3026805,3440.7485
3026806,6.2974524
3026807,0.5143455
3026808,21.892057
3026809,11.613988
3026810,0.1984185
3026811,152.7635
3026812,0.05899868
3026813,8.654098
3026814,3.1322174
3026815,129.48491
3026816,0.6333495
3026817,204.13509
3026818,237.78922
3026819,1.1970176
3026820,3.2993646
3026821,121.98031
3026822,52.92555
3026823,940.00037
3026824,5.1438847
3026825,1.0009396
3026826,4.025829
3026827,0.022574712
3026828,4.387728
3026829,2181.3406
3026830,0.1589784
3026831,557.4155
3026832,8.194635
3026833,1050.947
3026834,914.041
3026835,148.99783
3026836,154.38661
3026837,195.39343
3026838,3678.165
3026839,46.405453
3026840,1.9122916
3026841,22.80007
3026842,16.467083
3026843,0.33611915
3026844,168.0202
3026845,17.400738
3026846,13.165319
3026847,5.7847047
3026848,110.141174
3026849,5.078968
3026850,249.97418
3026851,257.1727
3026852,6.833397
3026853,6.8047085
3026854,254.97942
3026855,130.8328
3026856,1969.7164
3026857,0.316315
3026858,20.007458
3026859,6.656965
3026860,0.013628989
3026861,5.225502
3026862,1911.451
3026863,0.09856225
3026864,540.5194
3026865,10.013832
3026866,1074.0565
3026867,843.39667
3026868,169.69997
3026869,119.46811
3026870,209.81908
3026871,3810.6545
3026872,26.892212
3026873,1.7489913
3026874,24.433123
3026875,18.816332
3026876,0.14979805
3026877,218.44778
3026878,18.712355
3026879,8.977506
3026880,13.149627
3026881,80.3049
3026882,5.3775105
3026883,185.70502
3026884,365.92654
3026885,4.1301103
3026886,6.359374
3026887,162.99966
3026888,120.60963
3026889,1532.4451
3026890,0.35897923
3026891,19.566992
3026892,8.920922
3026893,0.279579
3026894,3.9323592
3026895,2386.656
3026896,0.0024975426
3026897,716.83905
3026898,7.1953893
3026899,1305.6497
3026900,539.8539
3026901,190.24524
3026902,406.26376
3026903,95.01706
3026904,4322.35
3026905,29.00406
3026906,1.8022254
3026907,24.215103
3026908,14.515741
3026909,0.42413038
3026910,217.89293
3026911,4.9008307
3026912,8.123933
3026913,6.810565
3026914,65.93867
3026915,2.0320675
3026916,250.73735
3026917,311.60385
3026918,2.9070766
3026919,5.814369
3026920,214.98097
3026921,77.99111
3026922,1139.427
3026923,2.0418541
3026924,10.9374895
3026925,4.0436125
3026926,0.0150179425
3026927,4.173911
3026928,2262.9128
3026929,0.1693847
3026930,412.88354
3026931,6.825018
3026932,888.0921
3026933,816.2832
3026934,218.12439
3026935,171.93445
3026936,155.27986
3026937,3399.5054
3026938,20.062626
3026939,1.147303
3026940,14.971969
3026941,9.572113
3026942,0.40259245
3026943,165.1235
3026944,16.361467
3026945,9.641192
3026946,4.0406594
3026947,85.38214
3026948,3.7433426
3026949,368.88513
3026950,230.80437
3026951,4.545162
3026952,5.82342
3026953,464.2001
3026954,100.0404
3026955,1681.5706
3026956,0.2211732
3026957,32.87956
3026958,3.9856029
3026959,0.3147446
3026960,1.2236795
3026961,2435.6584
3026962,0.00384596
3026963,374.68503
3026964,5.9778113
3026965,1425.4215
3026966,492.15576
3026967,259.17078
3026968,146.45157
3026969,75.07254
3026970,4477.6753
3026971,9.005877
3026972,1.0577315
3026973,22.819212
3026974,17.04959
3026975,0.2219559
3026976,226.86569
3026977,0.001166204
3026978,0.144181
3026979,8.381885
3026980,73.08503
3026981,0.9967305
3026982,116.78765
3026983,293.69672
3026984,1.2111616
3026985,4.453932
3026986,157.25279
3026987,51.040077
3026988,719.8249
3026989,2.080954
3026990,3.2175608
3026991,4.956811
3026992,0.030139444
3026993,4.511063
3026994,1593.684
3026995,0.032257747
3026996,431.97528
3026997,7.86163
3026998,888.146
3026999,579.4912
3027000,199.525
3027001,119.69075
3027002,187.54997
3027003,2994.1687
3027004,23.32253
3027005,0.8050806
3027006,18.087671
3027007,20.727436
3027008,0.2849027
3027009,154.3723
3027010,8.596629
3027011,10.041422
3027012,8.43998
3027013,73.44083
3027014,5.976193
3027015,175.5462
3027016,268.97153
3027017,4.861934
3027018,4.9620996
3027019,164.96072
3027020,60.10086
3027021,1248.8494
3027022,0.5989321
3027023,7.9330583
3027024,1.7884243
3027025,0.015978038
3027026,2.5142114
3027027,1192.1097
3027028,0.1942033
3027029,243.4729
3027030,5.558215
3027031,386.5115
3027032,395.7028
3027033,73.29674
3027034,60.784363
3027035,75.23221
3027036,1489.5717
3027037,13.185008
3027038,0.51779133
3027039,9.780887
3027040,12.512235
3027041,0.12391338
3027042,100.84776
3027043,8.726128
3027044,12.100022
3027045,2.1287081
3027046,36.647507
3027047,4.006954
3027048,99.18481
3027049,108.2333
3027050,3.307202
3027051,3.9196432
3027052,109.33295
3027053,37.160213
3027054,1205.0115
3027055,0.2641908
3027056,8.852612
3027057,6.182003
3027058,0.04808257
3027059,1.1975937
3027060,3112.6763
3027061,0.0
3027062,312.24048
3027063,5.797094
3027064,1035.0259
3027065,374.38666
3027066,242.73601
3027067,147.97385
3027068,53.007854
3027069,3399.5894
3027070,4.281273
3027071,1.1681978
3027072,15.797467
3027073,10.6038265
3027074,0.13404894
3027075,147.20836
3027076,0.00024892483
3027077,1.071225
3027078,3.2995577
3027079,89.50916
3027080,1.2483584
3027081,149.6412
3027082,226.07225
3027083,0.71723866
3027084,2.8832736
3027085,178.05164
3027086,62.039623
3027087,523.1949
3027088,1.831258
3027089,0.75625575
3027090,18.882343
3027091,0.0
3027092,12.051618
3027093,8240.942
3027094,0.338625
3027095,1411.689
3027096,23.878027
3027097,2558.1934
3027098,2613.548
3027099,600.41394
3027100,648.5785
3027101,621.2265
3027102,9869.707
3027103,81.56789
3027104,4.184838
3027105,86.01357
3027106,64.72872
3027107,1.9219811
3027108,428.9198
3027109,21.400198
3027110,13.377472
3027111,19.182896
3027112,334.69904
3027113,12.16885
3027114,973.0381
3027115,565.3367
3027116,21.731066
3027117,28.275564
3027118,1292.1165
3027119,469.58496
3027120,6821.9043
3027121,19.042597
3027122,122.44566
3027123,15.940969
3027124,0.0
3027125,10.180276
3027126,7034.7725
3027127,0.36781096
3027128,1161.4213
3027129,24.835245
3027130,2531.7
3027131,2187.1917
3027132,650.9651
3027133,412.66437
3027134,532.38104
3027135,9894.468
3027136,84.39246
3027137,1.0890359
3027138,50.86666
3027139,55.415157
3027140,1.3390336
3027141,439.00345
3027142,17.249807
3027143,18.496721
3027144,4.9184766
3027145,213.33104
3027146,9.337487
3027147,1201.7827
3027148,647.59265
3027149,14.436926
3027150,20.25335
3027151,1324.2784
3027152,327.98438
3027153,4413.4805
3027154,17.736237
3027155,96.90324
3027156,15.3049
3027157,0.003649991
3027158,12.040174
3027159,4832.7266
3027160,0.122756734
3027161,797.9585
3027162,15.229286
3027163,2311.1794
3027164,1479.2008
3027165,817.56683
3027166,176.73396
3027167,406.7516
3027168,8651.443
3027169,42.837364
3027170,1.5133703
3027171,29.20162
3027172,36.973362
3027173,1.3223286
3027174,457.8465
3027175,22.088293
3027176,10.97239
3027177,6.8781114
3027178,124.129585
3027179,4.845825
3027180,1163.655
3027181,755.9649
3027182,14.047425
3027183,16.96442
3027184,1026.9401
3027185,175.43716
3027186,2019.7336
3027187,14.126909
3027188,50.5452
3027189,16.088526
3027190,0.0025468133
3027191,12.506733
3027192,6661.726
3027193,0.3589124
3027194,1125.0111
3027195,18.27072
3027196,2341.3596
3027197,2055.3938
3027198,647.90234
3027199,355.85455
3027200,434.04895
3027201,9367.199
3027202,66.11528
3027203,1.8167931
3027204,43.087574
3027205,47.83434
3027206,1.8443494
3027207,449.82135
3027208,20.202778
3027209,16.701702
3027210,4.962409
3027211,171.22023
3027212,7.8477693
3027213,901.6323
3027214,717.6936
3027215,14.541248
3027216,19.566092
3027217,1190.3431
3027218,286.8895
3027219,4087.18
3027220,13.364536
3027221,85.865715
3027222,13.895513
3027223,0.0004640445
3027224,10.805819
3027225,3895.6162
3027226,0.03662564
3027227,717.9128
3027228,15.429051
3027229,2167.4814
3027230,1247.664
3027231,659.001
3027232,141.40918
3027233,314.88876
3027234,7761.234
3027235,44.120388
3027236,0.90218836
3027237,34.93798
3027238,26.094278
3027239,0.85168296
3027240,418.4823
3027241,17.754444
3027242,6.428278
3027243,4.9313407
3027244,105.93116
3027245,3.2300367
3027246,982.02216
3027247,723.89484
3027248,10.297398
3027249,14.665636
3027250,911.62286
3027251,131.7182
3027252,1481.0026
3027253,17.935736
3027254,30.056166
3027255,10.720896
3027256,0.0031365566
3027257,8.09211
3027258,5721.7896
3027259,0.28414696
3027260,1068.0593
3027261,22.383215
3027262,1726.6495
3027263,1979.3081
3027264,377.85013
3027265,440.20578
3027266,446.1116
3027267,6815.6465
3027268,65.96531
3027269,1.7467436
3027270,43.021206
3027271,27.783506
3027272,1.0228126
3027273,308.70016
3027274,11.440096
3027275,17.37908
3027276,9.168393
3027277,225.94893
3027278,9.012508
3027279,749.19257
3027280,406.81854
3027281,11.151457
3027282,21.687563
3027283,926.15784
3027284,302.55774
3027285,5128.9136
3027286,9.468164
3027287,87.58644
3027288,5.5422893
3027289,0.13535003
3027290,5.1854916
3027291,1560.3604
3027292,0.14265017
3027293,385.3848
3027294,16.808802
3027295,984.6298
3027296,533.99963
3027297,246.91623
3027298,111.04136
3027299,165.72261
3027300,3146.6052
3027301,20.103193
3027302,1.025561
3027303,19.321585
3027304,23.833225
3027305,0.57698643
3027306,152.59218
3027307,9.497846
3027308,3.0174963
3027309,17.866138
3027310,66.47344
3027311,4.1796327
3027312,281.45667
3027313,270.6468
3027314,2.048275
3027315,5.101647
3027316,255.4702
3027317,88.515785
3027318,1056.8982
3027319,0.5206147
3027320,13.199149
3027321,11.697982
3027322,0.0
3027323,7.889712
3027324,3344.2134
3027325,0.18410659
3027326,584.77686
3027327,23.918785
3027328,1609.2727
3027329,1043.1252
3027330,462.99835
3027331,113.96523
3027332,275.2304
3027333,6065.868
3027334,47.44108
3027335,1.5212967
3027336,52.455208
3027337,48.62779
3027338,0.6221841
3027339,289.4233
3027340,14.18613
3027341,5.418437
3027342,5.8703628
3027343,115.89734
3027344,4.994493
3027345,600.17786
3027346,498.97305
3027347,6.0579658
3027348,15.221054
3027349,449.41443
3027350,120.22101
3027351,1544.9022
3027352,12.185826
3027353,23.440445
3027354,6.9486656
3027355,0.0023912564
3027356,4.904923
3027357,4216.7827
3027358,0.16313748
3027359,870.5719
3027360,10.3387375
3027361,1460.4669
3027362,1507.9425
3027363,258.4428
3027364,334.20834
3027365,336.74295
3027366,4949.5674
3027367,32.293884
3027368,1.4176195
3027369,22.424074
3027370,21.479725
3027371,1.120046
3027372,215.55672
3027373,2.7475755
3027374,18.057962
3027375,6.436479
3027376,163.53279
3027377,6.234277
3027378,637.73065
3027379,289.88452
3027380,11.813964
3027381,7.647949
3027382,883.1423
3027383,167.57027
3027384,3630.4968
3027385,6.50358
3027386,65.10626
3027387,0.96240324
3027388,0.0
3027389,0.61508924
3027390,345.04944
3027391,0.0
3027392,61.38682
3027393,0.84136957
3027394,127.16131
3027395,89.06446
3027396,27.840664
3027397,15.964865
3027398,25.638083
3027399,464.853
3027400,3.645047
3027401,0.25338975
3027402,4.3648973
3027403,3.9590135
3027404,0.07620948
3027405,28.18311
3027406,0.7929272
3027407,4.858265
3027408,0.64346343
3027409,15.49173
3027410,0.77276784
3027411,37.813156
3027412,28.949509
3027413,1.1180464
3027414,2.1493196
3027415,36.904938
3027416,10.089324
3027417,372.12076
3027418,1.4245242
3027419,0.772546
3027420,5.0733066
3027421,0.0141026
3027422,3.596706
3027423,1339.1276
3027424,0.04976901
3027425,336.2075
3027426,5.660613
3027427,687.85815
3027428,367.86942
3027429,157.51674
3027430,69.63339
3027431,122.08809
3027432,2062.8782
3027433,11.09405
3027434,0.98116034
3027435,15.228574
3027436,14.640069
3027437,0.09456357
3027438,125.04581
3027439,2.8708375
3027440,3.849267
3027441,5.244557
3027442,75.41787
3027443,2.2233834
3027444,180.78224
3027445,188.7675
3027446,2.249929
3027447,3.7196324
3027448,148.25264
3027449,54.072968
3027450,1194.6542
3027451,0.8021954
3027452,4.170107
3027453,5.8019633
3027454,0.19510753
3027455,0.6054965
3027456,1354.9594
3027457,0.0006747395
3027458,221.36937
3027459,3.1456382
3027460,1056.5833
3027461,190.93883
3027462,189.47328
3027463,73.556496
3027464,35.530167
3027465,2684.1829
3027466,8.097792
3027467,0.7130566
3027468,16.100195
3027469,9.373267
3027470,0.17902845
3027471,143.47961
3027472,0.0003892444
3027473,0.0007331595
3027474,4.285724
3027475,23.547432
3027476,0.48410195
3027477,52.564278
3027478,184.70996
3027479,0.11094579
3027480,2.1050487
3027481,54.592422
3027482,62.994038
3027483,380.57364
3027484,0.64085007
3027485,1.7279441
3027486,5.4271607
3027487,0.0077982848
3027488,5.798695
3027489,3129.8982
3027490,0.047051806
3027491,556.83734
3027492,10.060344
3027493,1242.0604
3027494,992.1107
3027495,347.23508
3027496,203.85623
3027497,231.91396
3027498,4698.965
3027499,34.955334
3027500,0.94206834
3027501,18.825104
3027502,31.344296
3027503,0.39106336
3027504,217.51653
3027505,20.819687
3027506,7.9190984
3027507,7.91977
3027508,94.746086
3027509,3.9302871
3027510,497.54797
3027511,327.00125
3027512,6.3574915
3027513,8.326317
3027514,650.7647
3027515,140.25223
3027516,1849.3582
3027517,0.28418005
3027518,43.487705
3027519,4.353242
3027520,0.030244265
3027521,3.7152236
3027522,3444.4185
3027523,0.13032317
3027524,656.99524
3027525,12.057455
3027526,1061.8412
3027527,1267.851
3027528,170.66974
3027529,286.81107
3027530,265.66467
3027531,3786.954
3027532,40.130646
3027533,2.126619
3027534,15.677256
3027535,14.923256
3027536,0.7765051
3027537,161.97922
3027538,7.7735972
3027539,19.734564
3027540,8.809801
3027541,162.97707
3027542,7.0870934
3027543,523.7443
3027544,219.08548
3027545,4.1240606
3027546,7.441139
3027547,634.04767
3027548,182.76437
3027549,3570.3118
3027550,0.34644344
3027551,57.947548
3027552,5.2957163
3027553,0.08970785
3027554,7.4251857
3027555,3903.4507
3027556,0.19789514
3027557,769.44324
3027558,15.948367
3027559,1265.5294
3027560,1452.8218
3027561,281.93497
3027562,328.08258
3027563,245.08784
3027564,4773.288
3027565,41.29234
3027566,2.4442186
3027567,32.0211
3027568,27.76985
3027569,1.1801842
3027570,249.26088
3027571,26.779903
3027572,17.568354
3027573,21.963287
3027574,150.40399
3027575,8.773026
3027576,516.4822
3027577,333.63348
3027578,10.917342
3027579,12.123136
3027580,628.33746
3027581,210.08243
3027582,3300.861
3027583,0.46010152
3027584,55.52871
3027585,14.038195
3027586,0.21428138
3027587,5.6020327
3027588,2865.9272
3027589,0.0
3027590,563.3284
3027591,10.318683
3027592,1738.8855
3027593,779.4895
3027594,595.6653
3027595,197.77908
3027596,131.22299
3027597,6231.9087
3027598,11.429443
3027599,1.867607
3027600,35.88827
3027601,21.063038
3027602,0.40117696
3027603,309.47992
3027604,10.263493
3027605,4.487306
3027606,8.86354
3027607,53.143173
3027608,1.7654006
3027609,378.57672
3027610,450.2199
3027611,3.635893
3027612,7.3559017
3027613,492.06412
3027614,90.60986
3027615,1038.2241
3027616,6.4757414
3027617,16.55397
3027618,3.355402
3027619,0.00020402204
3027620,2.4795022
3027621,1645.2651
3027622,0.13076985
3027623,343.74588
3027624,10.750786
3027625,641.0837
3027626,645.31824
3027627,123.90581
3027628,140.05646
3027629,132.71144
3027630,2260.0054
3027631,21.757807
3027632,1.5969642
3027633,16.015722
3027634,13.866244
3027635,0.34873876
3027636,109.220314
3027637,10.092578
3027638,9.370387
3027639,6.477599
3027640,102.36081
3027641,3.442261
3027642,315.6051
3027643,131.96527
3027644,3.7642367
3027645,5.679151
3027646,295.0092
3027647,82.67219
3027648,1564.7946
3027649,0.18277374
3027650,26.089926
3027651,3.095203
3027652,0.29075176
3027653,1.3753556
3027654,929.17847
3027655,0.00012934767
3027656,113.43492
3027657,2.8093755
3027658,778.77057
3027659,264.93555
3027660,253.95064
3027661,50.20309
3027662,46.00574
3027663,2478.55
3027664,3.7168508
3027665,0.7009645
3027666,7.9427395
3027667,5.8232956
3027668,0.182299
3027669,129.13393
3027670,3.534476
3027671,0.016494943
3027672,3.1529129
3027673,12.503322
3027674,0.26581967
3027675,184.48007
3027676,180.37381
3027677,0.3591141
3027678,2.489287
3027679,180.77531
3027680,21.450771
3027681,160.076
3027682,0.577389
3027683,2.7823246
3027684,6.752929
3027685,0.20305534
3027686,4.8615756
3027687,3761.1333
3027688,0.0027205572
3027689,610.04926
3027690,10.893899
3027691,1960.184
3027692,537.88196
3027693,441.46698
3027694,165.54654
3027695,107.5288
3027696,6675.769
3027697,18.13882
3027698,0.73120004
3027699,25.507132
3027700,14.979732
3027701,0.4032985
3027702,355.17645
3027703,8.515976
3027704,1.6158445
3027705,10.943092
3027706,45.973335
3027707,1.5596262
3027708,621.49493
3027709,397.9279
3027710,1.0844584
3027711,8.331854
3027712,523.5852
3027713,57.11577
3027714,846.5945
3027715,4.306589
3027716,8.402342
3027717,4.8420906
3027718,0.11434589
3027719,0.9566172
3027720,1344.5375
3027721,0.0
3027722,182.5157
3027723,6.6234894
3027724,778.59454
3027725,350.97076
3027726,201.40854
3027727,78.30336
3027728,49.714058
3027729,2533.0059
3027730,6.3420253
3027731,0.9764613
3027732,11.226929
3027733,9.019254
3027734,0.2296174
3027735,121.93155
3027736,1.4056475
3027737,0.010362391
3027738,6.306769
3027739,39.067253
3027740,0.8040994
3027741,146.02165
3027742,158.50461
3027743,0.5590116
3027744,3.174193
3027745,188.22339
3027746,34.393906
3027747,219.42514
3027748,0.6154561
3027749,2.7021255
3027750,5.633506
3027751,0.0015890561
3027752,1.2994287
3027753,1338.295
3027754,0.00029257033
3027755,160.78471
3027756,4.4430623
3027757,793.8843
3027758,283.5975
3027759,162.5156
3027760,54.7309
3027761,34.855045
3027762,2777.4026
3027763,7.3721776
3027764,0.54573524
3027765,11.500082
3027766,8.693556
3027767,0.15297805
3027768,115.802666
3027769,2.9200761
3027770,0.012502546
3027771,2.8629174
3027772,33.294365
3027773,0.4906232
3027774,153.82155
3027775,183.97765
3027776,0.25873116
3027777,2.595434
3027778,123.21704
3027779,28.407667
3027780,127.35996
3027781,0.4803359
3027782,1.8849288
3027783,3.6875794
3027784,0.0070513217
3027785,1.1287413
3027786,1000.31
3027787,0.0
3027788,189.4238
3027789,5.017072
3027790,1098.3127
3027791,369.80823
3027792,228.389
3027793,37.817543
3027794,65.025696
3027795,2667.519
3027796,5.964647
3027797,0.34807003
3027798,13.10202
3027799,13.388676
3027800,0.18951394
3027801,165.12637
3027802,1.0558194
3027803,0.002023168
3027804,4.5942616
3027805,25.423473
3027806,0.85633653
3027807,292.43802
3027808,278.21616
3027809,0.47394568
3027810,3.2000322
3027811,97.843
3027812,62.65521
3027813,245.11635
3027814,0.36340266
3027815,3.9076118
3027816,2.6955183
3027817,1.0011747
3027818,1.8998039
3027819,1287.2955
3027820,4.7052745e-06
3027821,152.1016
3027822,3.262457
3027823,880.13794
3027824,317.19333
3027825,278.20663
3027826,81.587494
3027827,67.80056
3027828,2752.5854
3027829,9.542886
3027830,0.9153993
3027831,31.801657
3027832,11.216164
3027833,0.10656899
3027834,158.25595
3027835,6.1073833
3027836,0.008751658
3027837,4.90723
3027838,24.877893
3027839,0.8079064
3027840,126.84555
3027841,184.02124
3027842,0.4230002
3027843,2.874943
3027844,131.25935
3027845,31.651064
3027846,418.18985
3027847,0.4805922
3027848,5.1010127
3027849,5.784156
3027850,0.10351688
3027851,0.8574841
3027852,1137.2046
3027853,0.0020891353
3027854,202.20705
3027855,3.884419
3027856,1007.23236
3027857,257.21484
3027858,216.2351
3027859,184.72888
3027860,43.56163
3027861,2569.4055
3027862,5.7748876
3027863,0.5972032
3027864,13.65597
3027865,8.370762
3027866,0.12449495
3027867,144.14781
3027868,0.0
3027869,0.01625416
3027870,3.7869854
3027871,36.31471
3027872,0.622903
3027873,75.45916
3027874,196.95627
3027875,0.28059387
3027876,2.1040254
3027877,95.47177
3027878,42.136208
3027879,400.17172
3027880,1.5209413
3027881,2.580761
3027882,6.3141017
3027883,0.16597788
3027884,1.8750086
3027885,2508.752
3027886,0.0
3027887,256.6636
3027888,4.9794507
3027889,1082.1199
3027890,573.00507
3027891,437.43533
3027892,187.94269
3027893,100.16542
3027894,3919.0144
3027895,8.358107
3027896,0.74333274
3027897,18.211452
3027898,16.967089
3027899,0.18108478
3027900,204.83427
3027901,2.0792167
3027902,0.12666716
3027903,5.587737
3027904,39.906826
3027905,1.3444645
3027906,255.33853
3027907,234.5546
3027908,1.0738512
3027909,5.5669937
3027910,310.37027
3027911,67.08863
3027912,805.90216
3027913,0.64213943
3027914,11.282979
3027915,3.823785
3027916,0.10732619
3027917,2.0212445
3027918,1705.8168
3027919,0.0
3027920,654.7181
3027921,4.989763
3027922,604.3821
3027923,492.2095
3027924,209.29372
3027925,164.09195
3027926,58.405617
3027927,2495.5588
3027928,17.031746
3027929,0.9753874
3027930,15.515081
3027931,9.06436
3027932,0.16711032
3027933,116.693695
3027934,6.7518315
3027935,1.4997953
3027936,4.1514707
3027937,58.06505
3027938,1.2329216
3027939,98.0075
3027940,153.17422
3027941,1.9730786
3027942,4.607844
3027943,201.48796
3027944,50.89198
3027945,942.08966
3027946,2.0917904
3027947,8.99903
3027948,6.7933674
3027949,0.12956417
3027950,1.6504098
3027951,2045.7354
3027952,0.0
3027953,180.07994
3027954,5.6388535
3027955,947.46875
3027956,307.577
3027957,284.4199
3027958,67.67014
3027959,64.55272
3027960,3094.772
3027961,10.088263
3027962,1.2996825
3027963,15.532293
3027964,9.128915
3027965,0.17015667
3027966,134.51955
3027967,5.713744
3027968,0.019127376
3027969,4.6012397
3027970,34.52538
3027971,1.0848942
3027972,143.13538
3027973,192.89844
3027974,0.6030682
3027975,3.194576
3027976,128.50072
3027977,34.081203
3027978,285.0355
3027979,0.5691328
3027980,4.258776
3027981,5.5442796
3027982,0.05332331
3027983,4.7884
3027984,2560.6382
3027985,0.15158592
3027986,566.0348
3027987,8.52213
3027988,973.08527
3027989,886.0318
3027990,249.56824
3027991,187.61919
3027992,164.8448
3027993,4035.3367
3027994,32.056026
3027995,1.1992667
3027996,18.969124
3027997,15.46927
3027998,0.49837393
3027999,191.15321
3028000,18.868675
3028001,8.413962
3028002,8.6903
3028003,88.514725
3028004,4.1428304
3028005,507.2362
3028006,269.85974
3028007,5.841397
3028008,6.1040044
3028009,506.22205
3028010,126.92563
3028011,1782.256
3028012,0.4952032
3028013,32.729095
3028014,4.8115053
3028015,0.33017102
3028016,3.061017
3028017,1764.0873
3028018,6.6419598e-06
3028019,275.16397
3028020,4.2852554
3028021,757.0641
3028022,439.8687
3028023,351.94678
3028024,71.68304
3028025,63.823437
3028026,3037.4175
3028027,7.660593
3028028,0.45819896
3028029,16.256807
3028030,9.019256
3028031,0.10816667
3028032,174.88127
3028033,4.431258
3028034,3.3210812
3028035,2.0073662
3028036,25.151651
3028037,0.67895925
3028038,172.26802
3028039,226.96873
3028040,1.597402
3028041,2.9649525
3028042,217.36191
3028043,47.47399
3028044,533.75574
3028045,3.409299
3028046,7.3584576
3028047,5.0252852
3028048,0.30563095
3028049,2.33306
3028050,1250.9521
3028051,0.0026212633
3028052,234.91422
3028053,3.6371439
3028054,616.5668
3028055,268.80444
3028056,155.90459
3028057,105.11802
3028058,47.28608
3028059,2021.5769
3028060,6.683321
3028061,0.4532304
3028062,16.950195
3028063,14.376687
3028064,0.15229511
3028065,154.82701
3028066,2.566957
3028067,1.203409
3028068,4.4519453
3028069,32.889362
3028070,1.0275007
3028071,53.557697
3028072,156.3717
3028073,0.9084459
3028074,3.8249185
3028075,83.306015
3028076,49.91626
3028077,613.3154
3028078,2.239203
3028079,2.8042858
3028080,2.3262
3028081,0.123361066
3028082,0.6644252
3028083,543.3869
3028084,0.0
3028085,57.48166
3028086,3.865508
3028087,266.84216
3028088,129.55853
3028089,69.27101
3028090,22.525671
3028091,31.276602
3028092,993.3985
3028093,2.4838564
3028094,0.44751182
3028095,17.090857
3028096,8.091186
3028097,0.14334273
3028098,67.73785
3028099,0.2219266
3028100,0.0087976875
3028101,3.0479376
3028102,14.812675
3028103,1.227291
3028104,45.430145
3028105,68.35575
3028106,0.41442263
3028107,2.4088624
3028108,53.30413
3028109,19.380266
3028110,170.6185
3028111,0.27348122
3028112,0.915547
3028113,2.296824
3028114,0.0
3028115,1.6028767
3028116,1218.7119
3028117,0.055270396
3028118,274.43698
3028119,9.357849
3028120,572.1113
3028121,479.57135
3028122,133.22528
3028123,54.720966
3028124,102.38792
3028125,1996.0974
3028126,24.584925
3028127,0.14220959
3028128,7.2634163
3028129,9.691954
3028130,0.2100329
3028131,93.51285
3028132,7.286499
3028133,0.9767939
3028134,4.4182935
3028135,55.5423
3028136,2.3215227
3028137,628.64716
3028138,141.96571
3028139,1.8882842
3028140,2.681261
3028141,308.1904
3028142,49.95921
3028143,852.41864
3028144,0.18578333
3028145,15.331475
3028146,3.2797322
3028147,0.045804825
3028148,5.06206
3028149,2899.4238
3028150,0.1445949
3028151,703.206
3028152,11.567552
3028153,1102.1926
3028154,1104.0884
3028155,253.21683
3028156,201.60666
3028157,213.06389
3028158,3766.306
3028159,25.545576
3028160,1.1620519
3028161,16.500921
3028162,30.464775
3028163,0.36284673
3028164,185.03313
3028165,9.083517
3028166,14.174277
3028167,9.046541
3028168,100.48648
3028169,7.0537467
3028170,383.46933
3028171,264.42236
3028172,9.580115
3028173,7.7457
3028174,501.08246
3028175,127.7676
3028176,2447.5674
3028177,0.61013454
3028178,34.792255
3028179,2.1353068
3028180,0.01889536
3028181,2.397285
3028182,1775.7407
3028183,0.07736065
3028184,287.34042
3028185,4.802481
3028186,458.29922
3028187,477.39163
3028188,124.9796
3028189,105.28544
3028190,176.20883
3028191,1687.3441
3028192,11.7231245
3028193,0.90055376
3028194,19.905863
3028195,11.957194
3028196,0.14270024
3028197,71.1613
3028198,0.0024937466
3028199,10.482284
3028200,7.7354517
3028201,176.9339
3028202,3.5682669
3028203,198.40897
3028204,106.42114
3028205,2.2331882
3028206,3.5049605
3028207,158.88582
3028208,50.571716
3028209,931.6805
3028210,0.3492534
3028211,5.352981
3028212,3.537923
3028213,0.06172034
3028214,0.9297801
3028215,820.65356
3028216,0.009115898
3028217,222.54814
3028218,4.7522492
3028219,432.7517
3028220,243.41115
3028221,89.70848
3028222,40.599667
3028223,80.576416
3028224,1614.2258
3028225,4.2759075
3028226,0.794788
3028227,8.212713
3028228,5.7195415
3028229,0.21873468
3028230,60.47646
3028231,1.2178986
3028232,1.7298232
3028233,3.437647
3028234,34.011925
3028235,0.24687172
3028236,279.87482
3028237,158.62607
3028238,0.9552904
3028239,1.2514936
3028240,162.50697
3028241,17.632713
3028242,360.60043
3028243,0.5967302
3028244,3.4127192
3028245,5.0002146
3028246,0.057024788
3028247,3.6574495
3028248,2512.682
3028249,0.064684026
3028250,614.0285
3028251,10.727999
3028252,803.4375
3028253,824.0311
3028254,254.25587
3028255,212.47002
3028256,166.68326
3028257,3264.5908
3028258,21.78928
3028259,1.8202916
3028260,12.818055
3028261,15.2924
3028262,0.32975438
3028263,144.61623
3028264,4.863697
3028265,14.164716
3028266,5.7789497
3028267,162.91298
3028268,2.4099705
3028269,273.8073
3028270,208.84541
3028271,5.630556
3028272,5.893698
3028273,391.29617
3028274,90.58563
3028275,1767.8949
3028276,0.65983754
3028277,23.94155
3028278,7.2519407
3028279,0.027442789
3028280,1.9936144
3028281,2366.0906
3028282,0.0022433922
3028283,574.93713
3028284,8.056245
3028285,1047.6222
3028286,673.94653
3028287,347.9509
3028288,244.8445
3028289,98.778854
3028290,3803.8564
3028291,7.32962
3028292,1.2859991
3028293,24.24385
3028294,11.737762
3028295,0.54549444
3028296,182.35687
3028297,0.0005551223
3028298,1.962721
3028299,7.5441117
3028300,119.20887
3028301,0.7010114
3028302,202.36551
3028303,306.91696
3028304,2.759228
3028305,3.4085686
3028306,236.51547
3028307,65.974205
3028308,1020.4558
3028309,3.900414
3028310,6.389541
3028311,3.5515385
3028312,0.24471755
3028313,1.683037
3028314,1397.0597
3028315,0.0
3028316,330.0282
3028317,5.314195
3028318,532.8869
3028319,383.70358
3028320,156.93584
3028321,107.00871
3028322,55.64225
3028323,1983.0334
3028324,5.881002
3028325,0.621198
3028326,13.6527815
3028327,10.013536
3028328,0.15947169
3028329,125.56675
3028330,0.00084896386
3028331,1.1249229
3028332,2.6856475
3028333,66.781944
3028334,0.7367113
3028335,71.55952
3028336,152.46394
3028337,2.3040895
3028338,2.820936
3028339,112.990425
3028340,38.60395
3028341,635.934
3028342,2.146679
3028343,3.8575253
3028344,9.471725
3028345,0.4251989
3028346,9.863579
3028347,6991.897
3028348,0.3389854
3028349,1174.0774
3028350,30.962881
3028351,2082.1597
3028352,2107.0537
3028353,397.7709
3028354,523.63043
3028355,461.69473
3028356,7855.0938
3028357,77.87886
3028358,3.0513701
3028359,47.12734
3028360,37.588253
3028361,1.9179049
3028362,348.64948
3028363,33.253246
3028364,25.45783
3028365,26.650103
3028366,225.20747
3028367,13.026949
3028368,819.6407
3028369,513.9921
3028370,12.548872
3028371,19.042559
3028372,1185.654
3028373,368.77094
3028374,5522.2705
3028375,0.80338717
3028376,106.105576
3028377,3.1682403
3028378,0.07056232
3028379,0.6281368
3028380,972.17566
3028381,0.0
3028382,155.0968
3028383,2.637355
3028384,487.4525
3028385,232.82306
3028386,107.423584
3028387,125.24152
3028388,61.518803
3028389,1586.0482
3028390,3.4112918
3028391,0.92397845
3028392,9.974661
3028393,4.9948344
3028394,0.29090813
3028395,81.86666
3028396,0.42426583
3028397,0.0
3028398,4.10448
3028399,54.681118
3028400,0.3796032
3028401,57.94517
3028402,104.5141
3028403,0.9077482
3028404,2.6101637
3028405,101.62511
3028406,23.227222
3028407,336.53543
3028408,0.86149234
3028409,3.3955288
3028410,7.75146
3028411,0.57347965
3028412,2.6461134
3028413,1897.4958
3028414,2.6108173e-05
3028415,474.13266
3028416,5.69745
3028417,1275.3165
3028418,618.04095
3028419,253.55418
3028420,248.51938
3028421,113.135155
3028422,4022.2317
3028423,9.599679
3028424,0.7305811
3028425,15.2674265
3028426,13.518207
3028427,0.38451663
3028428,200.64386
3028429,1.5336828
3028430,1.2362136
3028431,12.610176
3028432,30.866928
3028433,0.69030863
3028434,313.55682
3028435,299.9727
3028436,1.5856591
3028437,5.014167
3028438,143.50995
3028439,74.690125
3028440,865.3004
3028441,2.7237167
3028442,5.081699
3028443,1.8237175
3028444,0.048118815
3028445,0.24675728
3028446,626.927
3028447,0.0
3028448,100.52554
3028449,2.4154136
3028450,450.87607
3028451,150.86945
3028452,98.74999
3028453,142.17534
3028454,29.920092
3028455,1487.2235
3028456,1.7160116
3028457,0.47753993
3028458,7.7079825
3028459,2.563916
3028460,0.15955478
3028461,65.45621
3028462,0.0
3028463,0.0056911795
3028464,2.2094367
3028465,72.25151
3028466,0.1072047
3028467,58.863518
3028468,98.185486
3028469,0.1361766
3028470,0.8661353
3028471,63.541004
3028472,11.207114
3028473,126.60236
3028474,0.8410907
3028475,1.2094817
3028476,7.9376197
3028477,0.15772806
3028478,1.1175903
3028479,1420.3729
3028480,0.0021011718
3028481,279.32654
3028482,5.4193487
3028483,1076.412
3028484,404.25
3028485,201.83081
3028486,175.69489
3028487,79.39339
3028488,3114.3997
3028489,2.9747036
3028490,0.68598664
3028491,32.027714
3028492,12.466707
3028493,0.17410043
3028494,156.69762
3028495,0.0
3028496,0.034922205
3028497,12.876458
3028498,65.8781
3028499,0.972222
3028500,256.60275
3028501,241.44041
3028502,0.72395813
3028503,3.2783196
3028504,220.26924
3028505,37.251713
3028506,865.01855
3028507,1.1106879
3028508,1.5352126
3028509,3.410283
3028510,0.19785112
3028511,2.8115904
3028512,2334.377
3028513,0.0
3028514,684.5349
3028515,7.5000043
3028516,920.0691
3028517,599.24036
3028518,252.73645
3028519,118.946526
3028520,133.42744
3028521,3852.281
3028522,5.567323
3028523,1.8755088
3028524,26.57413
3028525,24.29126
3028526,0.6630856
3028527,162.46655
3028528,3.7201815
3028529,2.1828287
3028530,9.8266735
3028531,52.808178
3028532,1.1394216
3028533,184.12524
3028534,319.94754
3028535,1.7022126
3028536,4.0144124
3028537,142.46487
3028538,34.532608
3028539,500.5141
3028540,5.1180987
3028541,3.0785582
3028542,4.4593363
3028543,0.053707838
3028544,0.27369523
3028545,1163.6
3028546,0.0
3028547,93.18803
3028548,1.6961049
3028549,481.56592
3028550,165.73337
3028551,83.689644
3028552,177.69144
3028553,54.99938
3028554,1772.9939
3028555,2.938366
3028556,0.62114716
3028557,7.727673
3028558,6.2482586
3028559,0.20259203
3028560,70.38561
3028561,0.0
3028562,0.06227843
3028563,1.4760184
3028564,45.129265
3028565,0.3032539
3028566,166.39003
3028567,88.26552
3028568,0.296005
3028569,0.75751173
3028570,59.03271
3028571,17.68777
3028572,234.61852
3028573,0.80851877
3028574,0.51026666
3028575,3.8956513
3028576,0.04146455
3028577,1.4603693
3028578,2116.3794
3028579,0.0
3028580,490.6367
3028581,5.2133584
3028582,876.17596
3028583,532.35614
3028584,211.19223
3028585,118.34499
3028586,106.71818
3028587,3438.8167
3028588,6.243056
3028589,0.51381457
3028590,22.001907
3028591,11.510523
3028592,0.19512121
3028593,152.2321
3028594,0.057690267
3028595,8.724205
3028596,3.1351492
3028597,129.85117
3028598,0.63434035
3028599,204.79906
3028600,237.50403
3028601,1.2109072
3028602,3.2637594
3028603,121.91777
3028604,53.23098
3028605,937.29865
3028606,5.0670633
3028607,1.0084807
3028608,4.031563
3028609,0.022180788
3028610,4.37205
3028611,2181.2622
3028612,0.15429506
3028613,557.2134
3028614,8.21029
3028615,1050.2562
3028616,913.8265
3028617,149.00638
3028618,154.51823
3028619,195.13579
3028620,3684.9136
3028621,46.407906
3028622,1.92665
3028623,22.83362
3028624,16.346434
3028625,0.3359516
3028626,168.99043
3028627,17.389511
3028628,13.211703
3028629,5.7494106
3028630,109.846985
3028631,5.102072
3028632,249.77844
3028633,257.2114
3028634,6.8623915
3028635,6.7876143
3028636,255.262
3028637,130.81483
3028638,1965.2319
3028639,0.31465414
3028640,20.057556
3028641,6.6437387
3028642,0.015572209
3028643,5.2544584
3028644,1915.9169
3028645,0.103994384
3028646,541.05914
3028647,10.004563
3028648,1078.4502
3028649,845.05206
3028650,169.95319
3028651,119.55376
3028652,209.96294
3028653,3819.6091
3028654,26.790855
3028655,1.7584828
3028656,24.630814
3028657,18.732859
3028658,0.15149844
3028659,219.90486
3028660,18.745565
3028661,9.039599
3028662,13.193874
3028663,79.86786
3028664,5.439501
3028665,185.97331
3028666,366.2543
3028667,4.155654
3028668,6.3853083
3028669,163.6612
3028670,120.55884
3028671,1546.0276
3028672,0.37676546
3028673,19.631046
3028674,8.918002
3028675,0.27920732
3028676,3.9359467
3028677,2385.5808
3028678,0.0
3028679,716.6622
3028680,7.208247
3028681,1305.8578
3028682,540.81116
3028683,190.89534
3028684,405.2372
3028685,94.74638
3028686,4325.535
3028687,29.143929
3028688,1.8110242
3028689,24.254963
3028690,14.636555
3028691,0.42621654
3028692,218.49074
3028693,4.92484
3028694,8.12919
3028695,6.7996078
3028696,65.76634
3028697,2.0529518
3028698,252.875
3028699,311.97513
3028700,2.9105759
3028701,5.8175783
3028702,215.29816
3028703,78.003654
3028704,1142.9429
3028705,2.0334127
3028706,10.938788
3028707,4.0402946
3028708,0.01586151
3028709,4.1704383
3028710,2260.0776
3028711,0.16933683
3028712,412.59286
3028713,6.8506446
3028714,886.374
3028715,816.3983
3028716,218.098
3028717,172.48163
3028718,153.74655
3028719,3393.2385
3028720,20.062681
3028721,1.142013
3028722,14.862065
3028723,9.581053
3028724,0.41022786
3028725,164.888
3028726,16.40233
3028727,9.725442
3028728,4.06577
3028729,85.182526
3028730,3.724939
3028731,369.17444
3028732,230.96837
3028733,4.5539265
3028734,5.8252845
3028735,464.4158
3028736,100.21678
3028737,1684.4945
3028738,0.22343291
3028739,32.92586
3028740,3.9788105
3028741,0.31915584
3028742,1.2168243
3028743,2433.0776
3028744,0.0
3028745,375.0786
3028746,6.0504203
3028747,1424.7645
3028748,493.44885
3028749,259.24777
3028750,146.46811
3028751,74.79679
3028752,4483.9756
3028753,8.982181
3028754,1.0498012
3028755,22.972685
3028756,16.944319
3028757,0.22366673
3028758,228.0763
3028759,0.0
3028760,0.1480791
3028761,8.373733
3028762,73.83848
3028763,0.998217
3028764,116.93986
3028765,293.47256
3028766,1.2290671
3028767,4.4660983
3028768,157.46974
3028769,51.24523
3028770,723.35504
3028771,2.11308
3028772,3.2199092
3028773,4.960274
3028774,0.032711923
3028775,4.506667
3028776,1596.9904
3028777,0.032534678
3028778,432.65558
3028779,7.846684
3028780,888.76514
3028781,580.14154
3028782,199.50896
3028783,119.928406
3028784,186.76923
3028785,2994.6897
3028786,23.318392
3028787,0.8129355
3028788,18.325531
3028789,20.90929
3028790,0.28016677
3028791,153.69771
3028792,8.625592
3028793,10.106812
3028794,8.39306
3028795,73.77308
3028796,6.014704
3028797,175.25546
3028798,269.2745
3028799,4.9176097
3028800,4.9819427
3028801,164.79424
3028802,60.112637
3028803,1243.0259
3028804,0.63607115
3028805,7.890639
3028806,1.7970407
3028807,0.0150095355
3028808,2.534633
3028809,1183.9071
3028810,0.19203217
3028811,243.64352
3028812,5.6123977
3028813,389.58145
3028814,395.78952
3028815,73.17069
3028816,60.970238
3028817,75.77149
3028818,1492.2489
3028819,13.262201
3028820,0.5213277
3028821,9.904757
3028822,12.569716
3028823,0.11712114
3028824,100.46335
3028825,8.761058
3028826,12.121168
3028827,2.12856
3028828,37.278194
3028829,4.0343866
3028830,98.67947
3028831,108.98587
3028832,3.3255312
3028833,3.9071546
3028834,109.82353
3028835,37.257675
3028836,1208.7488
3028837,0.2598231
3028838,8.818068
3028839,6.2139707
3028840,0.05061787
3028841,1.2040248
3028842,3107.5981
3028843,0.0
3028844,312.88956
3028845,5.7456656
3028846,1038.1625
3028847,375.4921
3028848,242.94307
3028849,147.2218
3028850,53.939022
3028851,3407.0427
3028852,4.3131943
3028853,1.172936
3028854,15.732567
3028855,10.61068
3028856,0.13200916
3028857,147.88321
3028858,0.0
3028859,1.0658158
3028860,3.2932835
3028861,90.30963
3028862,1.2442102
3028863,150.12895
3028864,226.72736
3028865,0.7255459
3028866,2.8931196
3028867,177.01112
3028868,62.23556
3028869,529.14404
3028870,1.8604504
3028871,0.7562887
3028872,18.866531
3028873,0.0
3028874,12.056552
3028875,8239.531
3028876,0.33933443
3028877,1415.1444
3028878,24.49955
3028879,2564.2847
3028880,2620.2585
3028881,600.1987
3028882,648.62775
3028883,618.0897
3028884,9883.949
3028885,81.51017
3028886,4.2140527
3028887,86.78747
3028888,64.272255
3028889,1.927526
3028890,428.77533
3028891,21.275305
3028892,13.362961
3028893,19.259367
3028894,336.07794
3028895,12.321906
3028896,971.8633
3028897,566.3312
3028898,21.860367
3028899,28.432184
3028900,1291.7023
3028901,469.21576
3028902,6833.4854
3028903,19.33162
3028904,122.404205
3028905,15.99199
3028906,0.0020647757
3028907,10.145865
3028908,7024.4507
3028909,0.36533824
3028910,1162.7274
3028911,24.872942
3028912,2532.111
3028913,2192.1455
3028914,651.8527
3028915,412.6424
3028916,531.39343
3028917,9874.227
3028918,84.32134
3028919,1.0964147
3028920,51.075546
3028921,54.96035
3028922,1.3321067
3028923,438.0472
3028924,17.317234
3028925,18.509129
3028926,4.994138
3028927,214.25592
3028928,9.34943
3028929,1205.0472
3028930,649.90894
3028931,14.521626
3028932,20.373539
3028933,1326.0822
3028934,327.88904
3028935,4427.552
3028936,17.47265
3028937,96.914345
3028938,15.315023
3028939,0.0
3028940,12.054621
3028941,4862.9976
3028942,0.12112712
3028943,797.04834
3028944,15.271216
3028945,2309.3562
3028946,1485.1133
3028947,819.2889
3028948,176.96803
3028949,404.84827
3028950,8644.386
3028951,43.14536
3028952,1.5175946
3028953,29.287544
3028954,36.483
3028955,1.3280087
3028956,459.125
3028957,21.893183
3028958,11.082795
3028959,6.9844885
3028960,123.585815
3028961,4.8745513
3028962,1161.8347
3028963,756.5109
3028964,14.109684
3028965,17.215197
3028966,1029.0188
3028967,175.28355
3028968,2024.7524
3028969,14.210673
3028970,50.671154
3028971,16.107037
3028972,0.0039621294
3028973,12.556293
3028974,6660.553
3028975,0.36674988
3028976,1127.53
3028977,18.364893
3028978,2338.6992
3028979,2053.624
3028980,646.97864
3028981,355.93365
3028982,433.8752
3028983,9396.193
3028984,66.21942
3028985,1.8136774
3028986,43.263973
3028987,47.937954
3028988,1.830768
3028989,448.64413
3028990,20.184689
3028991,16.752428
3028992,5.023249
3028993,171.25395
3028994,7.887499
3028995,902.9897
3028996,717.5936
3028997,14.536698
3028998,19.536678
3028999,1191.9094
3029000,286.87448
3029001,4097.0537
3029002,13.537175
3029003,85.81663
3029004,13.872712
3029005,0.0023512281
3029006,10.802102
3029007,3909.6287
3029008,0.036489215
3029009,717.28345
3029010,15.367099
3029011,2165.3193
3029012,1247.725
3029013,658.2367
3029014,141.80205
3029015,317.6563
3029016,7757.4453
3029017,44.330986
3029018,0.89652455
3029019,35.00735
3029020,26.480541
3029021,0.86036706
3029022,418.6
3029023,17.716236
3029024,6.4458776
3029025,4.945286
3029026,106.26712
3029027,3.2408822
3029028,982.10254
3029029,722.4497
3029030,10.328677
3029031,14.665674
3029032,913.06354
3029033,131.53119
3029034,1479.0066
3029035,17.68284
3029036,30.021336
3029037,10.707541
3029038,0.0
3029039,8.054185
3029040,5731.0806
3029041,0.28727823
3029042,1070.1322
3029043,22.38797
3029044,1729.2386
3029045,1982.361
3029046,378.2328
3029047,441.08438
3029048,441.44598
3029049,6829.6826
3029050,66.12206
3029051,1.7274054
3029052,42.676243
3029053,28.028303
3029054,1.0071797
3029055,309.2129
3029056,11.469863
3029057,17.48369
3029058,9.126314
3029059,225.42851
3029060,9.048805
3029061,747.665
3029062,407.5479
3029063,11.067789
3029064,21.874527
3029065,924.01056
3029066,302.9786
3029067,5100.3223
3029068,9.831649
3029069,87.54822
3029070,5.5291862
3029071,0.13717563
3029072,5.187491
3029073,1563.3108
3029074,0.1454369
3029075,385.71674
3029076,16.810656
3029077,985.0359
3029078,534.32294
3029079,246.91324
3029080,110.855675
3029081,165.85638
3029082,3143.9553
3029083,20.17298
3029084,1.0179218
3029085,19.312042
3029086,23.923363
3029087,0.5810274
3029088,152.80238
3029089,9.451677
3029090,2.9703455
3029091,17.807316
3029092,66.11512
3029093,4.198972
3029094,280.76657
3029095,270.619
3029096,2.0469496
3029097,5.102802
3029098,255.2139
3029099,88.42787
3029100,1059.492
3029101,0.55401534
3029102,13.153254
3029103,11.628597
3029104,0.0034595504
3029105,7.8609815
3029106,3358.5103
3029107,0.18169308
3029108,586.0185
3029109,23.897644
3029110,1610.2239
3029111,1042.1989
3029112,463.75616
3029113,113.84867
3029114,273.773
3029115,6075.0337
3029116,47.259533
3029117,1.5119185
3029118,52.7073
3029119,48.33026
3029120,0.62231594
3029121,289.27295
3029122,14.147622
3029123,5.3826756
3029124,5.9135156
3029125,115.73731
3029126,5.0211153
3029127,601.19635
3029128,499.7322
3029129,6.0493155
3029130,15.192351
3029131,450.8857
3029132,120.40906
3029133,1546.9055
3029134,12.046116
3029135,23.379236
3029136,6.9586234
3029137,0.0
3029138,4.924444
3029139,4210.3003
3029140,0.16649923
3029141,871.26953
3029142,10.34249
3029143,1460.9497
3029144,1507.457
3029145,258.18384
3029146,334.44174
3029147,335.81702
3029148,4960.118
3029149,32.195976
3029150,1.4304888
3029151,22.3954
3029152,21.59503
3029153,1.1087533
3029154,215.84953
3029155,2.7222416
3029156,18.210035
3029157,6.4615283
3029158,162.99059
3029159,6.2807436
3029160,636.90137
3029161,290.1924
3029162,11.839277
3029163,7.739633
3029164,883.9936
3029165,167.42639
3029166,3632.9424
3029167,6.4933305
3029168,65.06775
3029169,0.9409605
3029170,0.0
3029171,0.61868805
3029172,336.64368
3029173,0.000827197
3029174,61.140236
3029175,0.85522467
3029176,128.81757
3029177,88.094795
3029178,28.196266
3029179,16.129957
3029180,25.366915
3029181,467.28174
3029182,3.6263373
3029183,0.24701397
3029184,4.4428973
3029185,3.9500186
3029186,0.07361161
3029187,27.816206
3029188,0.80435026
3029189,4.9634075
3029190,0.64167696
3029191,15.521409
3029192,0.7943716
3029193,37.44623
3029194,28.707499
3029195,1.1010517
3029196,2.110259
3029197,36.396736
3029198,10.2467985
3029199,370.64343
3029200,1.3887876
3029201,0.79067045
3029202,5.0727525
3029203,0.013785414
3029204,3.6330092
3029205,1344.4475
3029206,0.04803469
3029207,335.00104
3029208,5.640452
3029209,684.5969
3029210,368.75687
3029211,158.20808
3029212,69.631775
3029213,122.763504
3029214,2049.9639
3029215,11.127357
3029216,0.98130286
3029217,15.239687
3029218,14.678212
3029219,0.09708862
3029220,124.61457
3029221,2.8397117
3029222,3.9039788
3029223,5.1854706
3029224,75.00604
3029225,2.216747
3029226,180.95949
3029227,188.21513
3029228,2.2375293
3029229,3.740724
3029230,148.06601
3029231,54.356483
3029232,1196.5304
3029233,0.83998734
3029234,4.1706862
3029235,5.799689
3029236,0.19479159
3029237,0.6019913
3029238,1349.5177
3029239,0.0
3029240,221.67432
3029241,3.1779168
3029242,1060.1576
3029243,191.08488
3029244,189.21574
3029245,73.670334
3029246,35.61063
3029247,2690.6514
3029248,8.159139
3029249,0.70923805
3029250,16.042223
3029251,9.387371
3029252,0.1768819
3029253,142.80222
3029254,0.0
3029255,0.004099153
3029256,4.2443557
3029257,23.796669
3029258,0.48856634
3029259,52.507145
3029260,184.12848
3029261,0.110732704
3029262,2.1096725
3029263,54.612648
3029264,63.23164
3029265,380.88184
3029266,0.65706795
3029267,1.7090446
3029268,5.4644237
3029269,0.007509518
3029270,5.8205066
3029271,3126.3352
3029272,0.04884398
3029273,556.58606
3029274,10.0686245
3029275,1243.2053
3029276,992.2569
3029277,348.24533
3029278,203.69395
3029279,231.91675
3029280,4707.9287
3029281,35.041565
3029282,0.9369207
3029283,18.825027
3029284,31.234312
3029285,0.4042206
3029286,217.95699
3029287,20.74731
3029288,8.037276
3029289,7.9055634
3029290,95.12397
3029291,3.9139307
3029292,496.94052
3029293,327.46655
3029294,6.3751154
3029295,8.325862
3029296,651.0263
3029297,140.2743
3029298,1852.5919
3029299,0.28891504
3029300,43.49996
3029301,4.362551
3029302,0.029506288
3029303,3.7140672
3029304,3449.348
3029305,0.13323171
3029306,656.47064
3029307,12.156078
3029308,1061.3983
3029309,1268.2485
3029310,170.39708
3029311,286.9981
3029312,266.00604
3029313,3783.5972
3029314,40.22378
3029315,2.1236134
3029316,15.820776
3029317,15.017738
3029318,0.78928006
3029319,162.34152
3029320,7.8212075
3029321,19.675407
3029322,8.781853
3029323,163.37253
3029324,7.107954
3029325,523.2188
3029326,219.25603
3029327,4.123904
3029328,7.4702587
3029329,634.637
3029330,182.70203
3029331,3549.8972
3029332,0.34493852
3029333,57.803963
3029334,5.300767
3029335,0.090847544
3029336,7.406201
3029337,3911.3345
3029338,0.19897154
3029339,770.5546
3029340,15.95958
3029341,1265.7614
3029342,1453.7496
3029343,281.67194
3029344,328.2243
3029345,243.4796
3029346,4777.468
3029347,41.263256
3029348,2.432028
3029349,32.011814
3029350,27.838322
3029351,1.1838324
3029352,249.51659
3029353,26.686314
3029354,17.581272
3029355,21.98923
3029356,149.9225
3029357,8.875223
3029358,516.7255
3029359,334.6701
3029360,10.974853
3029361,12.120776
3029362,628.87354
3029363,210.02333
3029364,3283.0725
3029365,0.4551621
3029366,55.497997
3029367,14.052968
3029368,0.21292648
3029369,5.596652
3029370,2868.8325
3029371,7.5315125e-05
3029372,564.21967
3029373,10.430807
3029374,1740.9968
3029375,780.2963
3029376,596.02313
3029377,197.6382
3029378,130.68279
3029379,6251.5454
3029380,11.420825
3029381,1.8580562
3029382,35.745407
3029383,21.004362
3029384,0.38812575
3029385,310.21628
3029386,10.199211
3029387,4.495054
3029388,8.887149
3029389,52.84736
3029390,1.7575964
3029391,378.21375
3029392,450.9743
3029393,3.6645195
3029394,7.388898
3029395,491.22125
3029396,90.93402
3029397,1044.0209
3029398,6.5705547
3029399,16.613537
